ssn|cc_num|first|last|gender|street|city|state|zip|lat|long|city_pop|job|dob|acct_num|profile|trans_num|trans_date|trans_time|unix_time|category|amt|is_fraud|merchant|merch_lat|merch_long
507-52-3998|4163287083172781|William|Larson|M|868 Merritt Summit Suite 743|Hillsboro|OR|97124|45.5387|-122.9636|92886|Health and safety inspector|2004-01-23|857987636625|young_adults_male_urban.json|ef78dad4b3a63ea92358a023176a18f8|2024-04-16|00:28:25|1713241705|misc_net|298.08|1|Kris-Weimann|44.688339|-123.577885
507-52-3998|4163287083172781|William|Larson|M|868 Merritt Summit Suite 743|Hillsboro|OR|97124|45.5387|-122.9636|92886|Health and safety inspector|2004-01-23|857987636625|young_adults_male_urban.json|46d8b4e4ec319082f796b8e5ad84c94c|2024-04-16|03:16:24|1713251784|grocery_pos|302.69|1|Barton Inc|45.755926|-122.090795
507-52-3998|4163287083172781|William|Larson|M|868 Merritt Summit Suite 743|Hillsboro|OR|97124|45.5387|-122.9636|92886|Health and safety inspector|2004-01-23|857987636625|young_adults_male_urban.json|7a48e3f09148516363a5772955153334|2024-04-16|01:15:42|1713244542|grocery_pos|286.85|1|Kiehn Inc|45.231584|-122.548577
507-52-3998|4163287083172781|William|Larson|M|868 Merritt Summit Suite 743|Hillsboro|OR|97124|45.5387|-122.9636|92886|Health and safety inspector|2004-01-23|857987636625|young_adults_male_urban.json|2c46a86e54a8e311ed17e9634769c45d|2024-04-16|01:00:32|1713243632|grocery_pos|314.20|1|Padberg-Welch|45.585265|-123.328838
507-52-3998|4163287083172781|William|Larson|M|868 Merritt Summit Suite 743|Hillsboro|OR|97124|45.5387|-122.9636|92886|Health and safety inspector|2004-01-23|857987636625|young_adults_male_urban.json|e0a919600bb2600b21a4ff2c41311e49|2024-04-16|03:46:45|1713253605|grocery_pos|721.30|1|Bauch-Raynor|46.413619|-122.048308
507-52-3998|4163287083172781|William|Larson|M|868 Merritt Summit Suite 743|Hillsboro|OR|97124|45.5387|-122.9636|92886|Health and safety inspector|2004-01-23|857987636625|young_adults_male_urban.json|6b20acf197506d87868505661ba247e1|2024-04-17|02:40:32|1713336032|misc_net|834.52|1|Lehner, Mosciski and King|46.298090|-123.564162
507-52-3998|4163287083172781|William|Larson|M|868 Merritt Summit Suite 743|Hillsboro|OR|97124|45.5387|-122.9636|92886|Health and safety inspector|2004-01-23|857987636625|young_adults_male_urban.json|b467eb68f01c8b3d4fab47c05ded0d0c|2024-04-17|22:38:58|1713407938|shopping_net|846.00|1|Lemke-Gutmann|45.542042|-122.538362
507-52-3998|4163287083172781|William|Larson|M|868 Merritt Summit Suite 743|Hillsboro|OR|97124|45.5387|-122.9636|92886|Health and safety inspector|2004-01-23|857987636625|young_adults_male_urban.json|deda4193c5bb242349f037cb0a3c6540|2024-04-17|23:05:41|1713409541|shopping_pos|957.25|1|Conroy Ltd|44.716685|-123.480528
507-52-3998|4163287083172781|William|Larson|M|868 Merritt Summit Suite 743|Hillsboro|OR|97124|45.5387|-122.9636|92886|Health and safety inspector|2004-01-23|857987636625|young_adults_male_urban.json|1b0a5208e9aa976c371a52e736bc3899|2024-04-17|23:56:19|1713412579|misc_net|1065.34|1|Nader-Heller|45.236895|-123.168767
507-52-3998|4163287083172781|William|Larson|M|868 Merritt Summit Suite 743|Hillsboro|OR|97124|45.5387|-122.9636|92886|Health and safety inspector|2004-01-23|857987636625|young_adults_male_urban.json|bf633b2686e5f20fc0a781e9396d4abf|2024-04-17|22:20:29|1713406829|shopping_net|1031.10|1|Streich, Dietrich and Barton|45.387128|-122.728344
507-52-3998|4163287083172781|William|Larson|M|868 Merritt Summit Suite 743|Hillsboro|OR|97124|45.5387|-122.9636|92886|Health and safety inspector|2004-01-23|857987636625|young_adults_male_urban.json|5ceb303b9cdd4f9d769ae2e19d3c26fe|2024-04-17|22:18:51|1713406731|shopping_pos|1002.79|1|Mohr Inc|46.485454|-123.468714
507-52-3998|4163287083172781|William|Larson|M|868 Merritt Summit Suite 743|Hillsboro|OR|97124|45.5387|-122.9636|92886|Health and safety inspector|2004-01-23|857987636625|young_adults_male_urban.json|30d3c7444e7f7489d35fd1b60588caec|2024-04-17|22:43:50|1713408230|shopping_net|894.69|1|Reichert, Shanahan and Hayes|46.512716|-122.347829
507-52-3998|4163287083172781|William|Larson|M|868 Merritt Summit Suite 743|Hillsboro|OR|97124|45.5387|-122.9636|92886|Health and safety inspector|2004-01-23|857987636625|young_adults_male_urban.json|4412fa56f66090e88d0141b02e8cad67|2024-04-17|23:04:25|1713409465|shopping_net|1038.11|1|Kihn, Abernathy and Douglas|45.623918|-122.352372
507-52-3998|4163287083172781|William|Larson|M|868 Merritt Summit Suite 743|Hillsboro|OR|97124|45.5387|-122.9636|92886|Health and safety inspector|2004-01-23|857987636625|young_adults_male_urban.json|70e8241d688913f5c461c23c39cf1995|2024-04-17|21:18:54|1713403134|shopping_net|692.94|1|Mosciski, Ziemann and Farrell|45.249502|-122.193149
507-52-3998|4163287083172781|William|Larson|M|868 Merritt Summit Suite 743|Hillsboro|OR|97124|45.5387|-122.9636|92886|Health and safety inspector|2004-01-23|857987636625|young_adults_male_urban.json|02fa9a46d0bf5621d44c41d23dc78af4|2024-04-17|23:33:14|1713411194|shopping_net|870.54|1|Fisher Inc|45.613096|-122.635011
507-52-3998|4163287083172781|William|Larson|M|868 Merritt Summit Suite 743|Hillsboro|OR|97124|45.5387|-122.9636|92886|Health and safety inspector|2004-01-23|857987636625|young_adults_male_urban.json|3ed2c068b581a7fef054500d6b2fd750|2024-01-21|02:47:16|1705823236|gas_transport|47.41|0|Mraz-Herzog|45.361569|-123.692201
507-52-3998|4163287083172781|William|Larson|M|868 Merritt Summit Suite 743|Hillsboro|OR|97124|45.5387|-122.9636|92886|Health and safety inspector|2004-01-23|857987636625|young_adults_male_urban.json|1ed007444933f72b857460e85ddd567b|2024-01-11|08:13:26|1704978806|gas_transport|67.55|0|Berge LLC|45.734306|-123.604563
507-52-3998|4163287083172781|William|Larson|M|868 Merritt Summit Suite 743|Hillsboro|OR|97124|45.5387|-122.9636|92886|Health and safety inspector|2004-01-23|857987636625|young_adults_male_urban.json|3d8213dbf6aac02760086b1f5d543408|2024-01-27|08:51:07|1706363467|grocery_net|63.91|0|Hintz-Bruen|44.730401|-123.585996
507-52-3998|4163287083172781|William|Larson|M|868 Merritt Summit Suite 743|Hillsboro|OR|97124|45.5387|-122.9636|92886|Health and safety inspector|2004-01-23|857987636625|young_adults_male_urban.json|53df1873a2e6950616945f4bc0cc6d57|2024-01-12|05:51:09|1705056669|gas_transport|109.81|0|Zieme, Bode and Dooley|45.332654|-123.450421
507-52-3998|4163287083172781|William|Larson|M|868 Merritt Summit Suite 743|Hillsboro|OR|97124|45.5387|-122.9636|92886|Health and safety inspector|2004-01-23|857987636625|young_adults_male_urban.json|847a418c9ec4d5d67c7894198d89cd57|2024-01-18|02:06:38|1705561598|gas_transport|52.68|0|Raynor, Reinger and Hagenes|44.877270|-123.078753
507-52-3998|4163287083172781|William|Larson|M|868 Merritt Summit Suite 743|Hillsboro|OR|97124|45.5387|-122.9636|92886|Health and safety inspector|2004-01-23|857987636625|young_adults_male_urban.json|973aa577d2a6ae0d3d2200cc7a6b4b85|2024-01-27|02:55:53|1706342153|grocery_net|27.85|0|Funk Group|46.098127|-123.622336
507-52-3998|4163287083172781|William|Larson|M|868 Merritt Summit Suite 743|Hillsboro|OR|97124|45.5387|-122.9636|92886|Health and safety inspector|2004-01-23|857987636625|young_adults_male_urban.json|9fa243b3bfe2a3e60e2252a4ff36504e|2024-01-20|04:45:48|1705743948|gas_transport|50.71|0|Huels-Nolan|44.620292|-122.816855
507-52-3998|4163287083172781|William|Larson|M|868 Merritt Summit Suite 743|Hillsboro|OR|97124|45.5387|-122.9636|92886|Health and safety inspector|2004-01-23|857987636625|young_adults_male_urban.json|241cce3342bde1b504984e5e40e633e2|2024-01-11|06:33:27|1704972807|gas_transport|51.31|0|Robel, Cummerata and Prosacco|44.706039|-122.592061
507-52-3998|4163287083172781|William|Larson|M|868 Merritt Summit Suite 743|Hillsboro|OR|97124|45.5387|-122.9636|92886|Health and safety inspector|2004-01-23|857987636625|young_adults_male_urban.json|869f9ec66b9603347b5fb37cc6ee03b5|2024-01-20|03:10:07|1705738207|gas_transport|60.44|0|Huels-Hahn|46.400838|-123.287583
507-52-3998|4163287083172781|William|Larson|M|868 Merritt Summit Suite 743|Hillsboro|OR|97124|45.5387|-122.9636|92886|Health and safety inspector|2004-01-23|857987636625|young_adults_male_urban.json|30c79f54b0b226977a2ac51533944670|2024-01-27|06:50:10|1706356210|gas_transport|53.76|0|Friesen-D'Amore|45.820133|-123.917288
507-52-3998|4163287083172781|William|Larson|M|868 Merritt Summit Suite 743|Hillsboro|OR|97124|45.5387|-122.9636|92886|Health and safety inspector|2004-01-23|857987636625|young_adults_male_urban.json|ae731179085700e7d99f87135bf69ebd|2024-01-05|02:39:39|1704440379|gas_transport|50.26|0|Raynor, Reinger and Hagenes|46.429548|-123.939749
507-52-3998|4163287083172781|William|Larson|M|868 Merritt Summit Suite 743|Hillsboro|OR|97124|45.5387|-122.9636|92886|Health and safety inspector|2004-01-23|857987636625|young_adults_male_urban.json|02d6997a14b927cfb9911ef3a2142634|2024-02-03|04:53:00|1706953980|grocery_net|116.46|0|Morar Inc|46.122582|-123.808393
507-52-3998|4163287083172781|William|Larson|M|868 Merritt Summit Suite 743|Hillsboro|OR|97124|45.5387|-122.9636|92886|Health and safety inspector|2004-01-23|857987636625|young_adults_male_urban.json|2b564841e202197a7d72f0d03242611a|2024-01-14|01:54:27|1705215267|gas_transport|46.26|0|Harber Inc|45.582512|-122.404987
507-52-3998|4163287083172781|William|Larson|M|868 Merritt Summit Suite 743|Hillsboro|OR|97124|45.5387|-122.9636|92886|Health and safety inspector|2004-01-23|857987636625|young_adults_male_urban.json|d0edd6492d658327c458a3e8377322bb|2024-01-09|10:13:46|1704813226|gas_transport|65.10|0|Bernhard Inc|44.659997|-123.278165
507-52-3998|4163287083172781|William|Larson|M|868 Merritt Summit Suite 743|Hillsboro|OR|97124|45.5387|-122.9636|92886|Health and safety inspector|2004-01-23|857987636625|young_adults_male_urban.json|fca91d00c574186e7b3fd88a6b49f619|2024-01-26|03:36:37|1706258197|gas_transport|66.29|0|Zieme, Bode and Dooley|45.433417|-122.372869
507-52-3998|4163287083172781|William|Larson|M|868 Merritt Summit Suite 743|Hillsboro|OR|97124|45.5387|-122.9636|92886|Health and safety inspector|2004-01-23|857987636625|young_adults_male_urban.json|e5cf364fe56bc42f2c47d797fc3589d0|2024-01-11|02:42:16|1704958936|gas_transport|86.70|0|Cummerata-Jones|44.543958|-123.444684
507-52-3998|4163287083172781|William|Larson|M|868 Merritt Summit Suite 743|Hillsboro|OR|97124|45.5387|-122.9636|92886|Health and safety inspector|2004-01-23|857987636625|young_adults_male_urban.json|ffbbbc492e454cc6c3669a8a97fe9f70|2024-02-03|09:37:13|1706971033|grocery_pos|74.54|0|Cartwright-Harris|45.178520|-122.868103
507-52-3998|4163287083172781|William|Larson|M|868 Merritt Summit Suite 743|Hillsboro|OR|97124|45.5387|-122.9636|92886|Health and safety inspector|2004-01-23|857987636625|young_adults_male_urban.json|ec0d9d2ecab407a3900c813f65bf8370|2024-01-21|06:49:03|1705837743|gas_transport|63.53|0|Berge LLC|45.364421|-122.984823
507-52-3998|4163287083172781|William|Larson|M|868 Merritt Summit Suite 743|Hillsboro|OR|97124|45.5387|-122.9636|92886|Health and safety inspector|2004-01-23|857987636625|young_adults_male_urban.json|59d4698ac9bec1bbdc32ffd445fa2a06|2024-01-12|00:29:53|1705037393|gas_transport|75.47|0|Streich, Hansen and Veum|44.663269|-122.400262
507-52-3998|4163287083172781|William|Larson|M|868 Merritt Summit Suite 743|Hillsboro|OR|97124|45.5387|-122.9636|92886|Health and safety inspector|2004-01-23|857987636625|young_adults_male_urban.json|e9c6b05d20952b9983eecc6f9d3586bc|2024-01-28|08:03:35|1706447015|grocery_net|47.99|0|Kling-Grant|45.547115|-123.091272
507-52-3998|4163287083172781|William|Larson|M|868 Merritt Summit Suite 743|Hillsboro|OR|97124|45.5387|-122.9636|92886|Health and safety inspector|2004-01-23|857987636625|young_adults_male_urban.json|689c8b6e9276b8660204d4bb87c1e459|2024-01-22|09:53:11|1705935191|gas_transport|45.16|0|Ledner-Pfannerstill|45.758643|-123.864578
507-52-3998|4163287083172781|William|Larson|M|868 Merritt Summit Suite 743|Hillsboro|OR|97124|45.5387|-122.9636|92886|Health and safety inspector|2004-01-23|857987636625|young_adults_male_urban.json|1435c878988ae2990b5c36aacd10d3c1|2024-01-20|02:57:24|1705737444|gas_transport|58.51|0|Torp-Labadie|44.552575|-122.653498
507-52-3998|4163287083172781|William|Larson|M|868 Merritt Summit Suite 743|Hillsboro|OR|97124|45.5387|-122.9636|92886|Health and safety inspector|2004-01-23|857987636625|young_adults_male_urban.json|bcc62530057253223a76bfaca5479508|2024-01-26|10:11:31|1706281891|gas_transport|57.28|0|Jenkins, Hauck and Friesen|44.993144|-123.916207
507-52-3998|4163287083172781|William|Larson|M|868 Merritt Summit Suite 743|Hillsboro|OR|97124|45.5387|-122.9636|92886|Health and safety inspector|2004-01-23|857987636625|young_adults_male_urban.json|99d3a75f14159900ce029d417671f3df|2024-01-09|00:55:06|1704779706|gas_transport|69.10|0|Parisian and Sons|45.437712|-123.418397
507-52-3998|4163287083172781|William|Larson|M|868 Merritt Summit Suite 743|Hillsboro|OR|97124|45.5387|-122.9636|92886|Health and safety inspector|2004-01-23|857987636625|young_adults_male_urban.json|8237e20e39e8af572ab3d17dce67aa75|2024-01-06|02:35:14|1704526514|gas_transport|46.18|0|Luettgen PLC|45.126931|-123.882925
507-52-3998|4163287083172781|William|Larson|M|868 Merritt Summit Suite 743|Hillsboro|OR|97124|45.5387|-122.9636|92886|Health and safety inspector|2004-01-23|857987636625|young_adults_male_urban.json|43e782c9dbfad890dd980e4a2ccdc84c|2024-01-27|04:15:18|1706346918|grocery_net|60.36|0|Cummings Group|46.406228|-123.499015
507-52-3998|4163287083172781|William|Larson|M|868 Merritt Summit Suite 743|Hillsboro|OR|97124|45.5387|-122.9636|92886|Health and safety inspector|2004-01-23|857987636625|young_adults_male_urban.json|6e110921a108a44889670e9a94c92245|2024-01-22|06:40:13|1705923613|gas_transport|58.44|0|Schmitt Inc|45.194046|-122.172004
507-52-3998|4163287083172781|William|Larson|M|868 Merritt Summit Suite 743|Hillsboro|OR|97124|45.5387|-122.9636|92886|Health and safety inspector|2004-01-23|857987636625|young_adults_male_urban.json|ded6c5dc226c84c6f256f15edef5213b|2024-02-03|11:04:50|1706976290|grocery_net|49.40|0|Shields Inc|44.707121|-122.158060
507-52-3998|4163287083172781|William|Larson|M|868 Merritt Summit Suite 743|Hillsboro|OR|97124|45.5387|-122.9636|92886|Health and safety inspector|2004-01-23|857987636625|young_adults_male_urban.json|75bea706f2ce0d1c31ad9cece6d496c7|2024-01-24|08:42:02|1706103722|gas_transport|78.06|0|Raynor, Reinger and Hagenes|45.422432|-123.054475
507-52-3998|4163287083172781|William|Larson|M|868 Merritt Summit Suite 743|Hillsboro|OR|97124|45.5387|-122.9636|92886|Health and safety inspector|2004-01-23|857987636625|young_adults_male_urban.json|71bd8e16d6150583b4829dd22b5d01df|2024-01-07|10:22:26|1704640946|gas_transport|71.06|0|Harber Inc|45.728586|-123.078218
507-52-3998|4163287083172781|William|Larson|M|868 Merritt Summit Suite 743|Hillsboro|OR|97124|45.5387|-122.9636|92886|Health and safety inspector|2004-01-23|857987636625|young_adults_male_urban.json|53699494dbdd233656811070f1b1c2e7|2024-01-26|08:06:01|1706274361|gas_transport|45.45|0|Rodriguez Group|46.398395|-123.688509
507-52-3998|4163287083172781|William|Larson|M|868 Merritt Summit Suite 743|Hillsboro|OR|97124|45.5387|-122.9636|92886|Health and safety inspector|2004-01-23|857987636625|young_adults_male_urban.json|15f4c6e9a6378153d4e7bdd89c816503|2024-02-03|11:26:33|1706977593|grocery_net|25.63|0|Adams, Kovacek and Kuhlman|44.913496|-123.912003
507-52-3998|4163287083172781|William|Larson|M|868 Merritt Summit Suite 743|Hillsboro|OR|97124|45.5387|-122.9636|92886|Health and safety inspector|2004-01-23|857987636625|young_adults_male_urban.json|d6238e966eac5ebb1c839c7635a3d7ea|2024-01-03|03:32:28|1704270748|gas_transport|72.27|0|Schaefer, McGlynn and Bosco|46.232202|-122.869313
507-52-3998|4163287083172781|William|Larson|M|868 Merritt Summit Suite 743|Hillsboro|OR|97124|45.5387|-122.9636|92886|Health and safety inspector|2004-01-23|857987636625|young_adults_male_urban.json|88ecaa46a1748c0401e3462001360fa1|2024-01-21|03:20:41|1705825241|gas_transport|90.96|0|Kuvalis Ltd|45.011216|-123.941836
507-52-3998|4163287083172781|William|Larson|M|868 Merritt Summit Suite 743|Hillsboro|OR|97124|45.5387|-122.9636|92886|Health and safety inspector|2004-01-23|857987636625|young_adults_male_urban.json|9a509541c283f33473a1564c5ca85234|2024-02-06|09:53:55|1707231235|grocery_pos|38.52|0|Osinski, Ledner and Leuschke|44.754580|-122.460787
507-52-3998|4163287083172781|William|Larson|M|868 Merritt Summit Suite 743|Hillsboro|OR|97124|45.5387|-122.9636|92886|Health and safety inspector|2004-01-23|857987636625|young_adults_male_urban.json|fe57c4917d13f7a80682c2252c8d9fcd|2024-01-14|11:29:14|1705249754|gas_transport|42.56|0|Streich, Hansen and Veum|44.665122|-123.577045
507-52-3998|4163287083172781|William|Larson|M|868 Merritt Summit Suite 743|Hillsboro|OR|97124|45.5387|-122.9636|92886|Health and safety inspector|2004-01-23|857987636625|young_adults_male_urban.json|5f95c1f200d838c4c56483076e5be79f|2024-01-15|11:52:38|1705337558|gas_transport|76.93|0|Erdman-Kertzmann|44.594077|-122.172818
507-52-3998|4163287083172781|William|Larson|M|868 Merritt Summit Suite 743|Hillsboro|OR|97124|45.5387|-122.9636|92886|Health and safety inspector|2004-01-23|857987636625|young_adults_male_urban.json|43d099acbd3055c3aa4cf93662d3b653|2024-01-05|02:59:46|1704441586|gas_transport|66.18|0|Robel, Cummerata and Prosacco|46.238364|-122.895273
507-52-3998|4163287083172781|William|Larson|M|868 Merritt Summit Suite 743|Hillsboro|OR|97124|45.5387|-122.9636|92886|Health and safety inspector|2004-01-23|857987636625|young_adults_male_urban.json|0fb90b9f356891443b0f350ee51e823a|2024-02-06|10:08:08|1707232088|grocery_pos|82.74|0|Lockman, West and Runte|44.684692|-122.727698
507-52-3998|4163287083172781|William|Larson|M|868 Merritt Summit Suite 743|Hillsboro|OR|97124|45.5387|-122.9636|92886|Health and safety inspector|2004-01-23|857987636625|young_adults_male_urban.json|3800ab3ad7012312e278e24fbd49b564|2024-01-21|00:30:31|1705815031|gas_transport|54.96|0|Harris Inc|44.617781|-123.904660
507-52-3998|4163287083172781|William|Larson|M|868 Merritt Summit Suite 743|Hillsboro|OR|97124|45.5387|-122.9636|92886|Health and safety inspector|2004-01-23|857987636625|young_adults_male_urban.json|a3556398d0a54b2098a26d81e470dd29|2024-01-21|06:56:21|1705838181|gas_transport|44.61|0|Stroman, Hudson and Erdman|45.144398|-123.161141
507-52-3998|4163287083172781|William|Larson|M|868 Merritt Summit Suite 743|Hillsboro|OR|97124|45.5387|-122.9636|92886|Health and safety inspector|2004-01-23|857987636625|young_adults_male_urban.json|6943729b75fe7273c1ff44d3428cad57|2024-01-07|01:57:55|1704610675|gas_transport|49.96|0|Schaefer, Maggio and Daugherty|44.667132|-122.614784
507-52-3998|4163287083172781|William|Larson|M|868 Merritt Summit Suite 743|Hillsboro|OR|97124|45.5387|-122.9636|92886|Health and safety inspector|2004-01-23|857987636625|young_adults_male_urban.json|fde05bf57b26f28501baddda84f38965|2024-01-05|06:58:14|1704455894|gas_transport|69.41|0|Berge LLC|45.814774|-122.299757
507-52-3998|4163287083172781|William|Larson|M|868 Merritt Summit Suite 743|Hillsboro|OR|97124|45.5387|-122.9636|92886|Health and safety inspector|2004-01-23|857987636625|young_adults_male_urban.json|0eece3fb4284445e6043341cf8218175|2024-02-04|05:54:11|1707044051|grocery_pos|51.40|0|Huel, Hammes and Witting|46.250422|-123.014363
507-52-3998|4163287083172781|William|Larson|M|868 Merritt Summit Suite 743|Hillsboro|OR|97124|45.5387|-122.9636|92886|Health and safety inspector|2004-01-23|857987636625|young_adults_male_urban.json|549968ffb925685dfbce345942cffa8f|2024-01-13|07:55:12|1705150512|gas_transport|84.27|0|Reilly, Heaney and Cole|44.693980|-123.786169
507-52-3998|4163287083172781|William|Larson|M|868 Merritt Summit Suite 743|Hillsboro|OR|97124|45.5387|-122.9636|92886|Health and safety inspector|2004-01-23|857987636625|young_adults_male_urban.json|2ad9656c8c55abcbc6887eca1ba1dfb7|2024-02-06|04:15:08|1707210908|grocery_pos|68.67|0|Miller-Hauck|44.636748|-123.177846
507-52-3998|4163287083172781|William|Larson|M|868 Merritt Summit Suite 743|Hillsboro|OR|97124|45.5387|-122.9636|92886|Health and safety inspector|2004-01-23|857987636625|young_adults_male_urban.json|fed6bf9d4a0ebac91eb4c4b34cc7ca5a|2024-01-18|00:53:39|1705557219|gas_transport|43.58|0|Heller-Langosh|45.620238|-122.085279
507-52-3998|4163287083172781|William|Larson|M|868 Merritt Summit Suite 743|Hillsboro|OR|97124|45.5387|-122.9636|92886|Health and safety inspector|2004-01-23|857987636625|young_adults_male_urban.json|6673922008c706caba8d6f279d8fe9eb|2024-01-27|03:35:20|1706344520|grocery_net|62.24|0|Morar Inc|46.254315|-122.830119
507-52-3998|4163287083172781|William|Larson|M|868 Merritt Summit Suite 743|Hillsboro|OR|97124|45.5387|-122.9636|92886|Health and safety inspector|2004-01-23|857987636625|young_adults_male_urban.json|692dafe27e44be2247b901e2a8aa16e4|2024-01-05|09:16:16|1704464176|gas_transport|32.79|0|Olson, Becker and Koch|46.363418|-122.851299
507-52-3998|4163287083172781|William|Larson|M|868 Merritt Summit Suite 743|Hillsboro|OR|97124|45.5387|-122.9636|92886|Health and safety inspector|2004-01-23|857987636625|young_adults_male_urban.json|44061249959896f31215621af36a424b|2024-01-19|10:52:09|1705679529|gas_transport|82.11|0|Bartoletti-Wunsch|46.442957|-122.702089
507-52-3998|4163287083172781|William|Larson|M|868 Merritt Summit Suite 743|Hillsboro|OR|97124|45.5387|-122.9636|92886|Health and safety inspector|2004-01-23|857987636625|young_adults_male_urban.json|c3b94e8ee0930ec6110ab03411d08ed7|2024-01-21|03:59:47|1705827587|gas_transport|51.78|0|Jenkins, Hauck and Friesen|44.717830|-122.175132
507-52-3998|4163287083172781|William|Larson|M|868 Merritt Summit Suite 743|Hillsboro|OR|97124|45.5387|-122.9636|92886|Health and safety inspector|2004-01-23|857987636625|young_adults_male_urban.json|1fc25cfa836700151d6d32568fb76f70|2024-01-06|02:30:38|1704526238|gas_transport|70.89|0|Bins-Rice|46.109557|-123.454367
507-52-3998|4163287083172781|William|Larson|M|868 Merritt Summit Suite 743|Hillsboro|OR|97124|45.5387|-122.9636|92886|Health and safety inspector|2004-01-23|857987636625|young_adults_male_urban.json|fc8c77212c8bdd01ae4bb2aa234fdb1f|2024-01-29|06:17:17|1706527037|grocery_net|70.91|0|Runolfsson and Sons|44.650721|-122.487048
507-52-3998|4163287083172781|William|Larson|M|868 Merritt Summit Suite 743|Hillsboro|OR|97124|45.5387|-122.9636|92886|Health and safety inspector|2004-01-23|857987636625|young_adults_male_urban.json|77a890fbbf009968782a0811fdeabb22|2024-01-07|08:57:25|1704635845|gas_transport|48.76|0|Stroman, Hudson and Erdman|45.747030|-123.347789
507-52-3998|4163287083172781|William|Larson|M|868 Merritt Summit Suite 743|Hillsboro|OR|97124|45.5387|-122.9636|92886|Health and safety inspector|2004-01-23|857987636625|young_adults_male_urban.json|28dc51d546c86bad9a644c7de82c580f|2024-01-06|03:20:58|1704529258|gas_transport|44.35|0|Prohaska-Murray|45.134225|-122.594120
507-52-3998|4163287083172781|William|Larson|M|868 Merritt Summit Suite 743|Hillsboro|OR|97124|45.5387|-122.9636|92886|Health and safety inspector|2004-01-23|857987636625|young_adults_male_urban.json|bfe7f059f131cbbe6fe463de2b30d804|2024-01-06|05:28:41|1704536921|gas_transport|50.65|0|Bartoletti-Wunsch|46.418767|-122.878783
507-52-3998|4163287083172781|William|Larson|M|868 Merritt Summit Suite 743|Hillsboro|OR|97124|45.5387|-122.9636|92886|Health and safety inspector|2004-01-23|857987636625|young_adults_male_urban.json|d81155033362852d0bc32a269b269348|2024-01-06|02:52:23|1704527543|gas_transport|62.22|0|Mraz-Herzog|45.853988|-123.722659
507-52-3998|4163287083172781|William|Larson|M|868 Merritt Summit Suite 743|Hillsboro|OR|97124|45.5387|-122.9636|92886|Health and safety inspector|2004-01-23|857987636625|young_adults_male_urban.json|87325092b580003c1b80d6f1d7384270|2024-01-08|07:21:52|1704716512|gas_transport|56.49|0|Prohaska-Murray|44.663582|-123.715006
507-52-3998|4163287083172781|William|Larson|M|868 Merritt Summit Suite 743|Hillsboro|OR|97124|45.5387|-122.9636|92886|Health and safety inspector|2004-01-23|857987636625|young_adults_male_urban.json|f963a732a279affe8ca31d9ad541a955|2024-01-27|00:41:43|1706334103|gas_transport|59.48|0|Kuvalis Ltd|46.532289|-122.065938
507-52-3998|4163287083172781|William|Larson|M|868 Merritt Summit Suite 743|Hillsboro|OR|97124|45.5387|-122.9636|92886|Health and safety inspector|2004-01-23|857987636625|young_adults_male_urban.json|c1906bf6328eef87c48585b95dc62941|2024-01-04|02:37:12|1704353832|gas_transport|34.79|0|Mraz-Herzog|45.087449|-122.146029
507-52-3998|4163287083172781|William|Larson|M|868 Merritt Summit Suite 743|Hillsboro|OR|97124|45.5387|-122.9636|92886|Health and safety inspector|2004-01-23|857987636625|young_adults_male_urban.json|40e1f6a9687b8d05b2369490c937e48b|2024-01-20|11:19:18|1705767558|gas_transport|69.37|0|Brekke and Sons|45.936102|-122.963905
507-52-3998|4163287083172781|William|Larson|M|868 Merritt Summit Suite 743|Hillsboro|OR|97124|45.5387|-122.9636|92886|Health and safety inspector|2004-01-23|857987636625|young_adults_male_urban.json|7234a521b421b5fce1d91ca37b5ec760|2024-01-13|02:49:55|1705132195|gas_transport|56.92|0|Friesen-Stamm|45.929105|-123.034156
507-52-3998|4163287083172781|William|Larson|M|868 Merritt Summit Suite 743|Hillsboro|OR|97124|45.5387|-122.9636|92886|Health and safety inspector|2004-01-23|857987636625|young_adults_male_urban.json|b13b52c0bace540af641d706a17ef60f|2024-01-06|09:23:24|1704551004|gas_transport|85.78|0|Schaefer, McGlynn and Bosco|45.370886|-123.821147
507-52-3998|4163287083172781|William|Larson|M|868 Merritt Summit Suite 743|Hillsboro|OR|97124|45.5387|-122.9636|92886|Health and safety inspector|2004-01-23|857987636625|young_adults_male_urban.json|745f15211794d0f5c3069066888ae74a|2024-01-19|09:44:20|1705675460|gas_transport|46.42|0|Parisian and Sons|46.259723|-123.705107
507-52-3998|4163287083172781|William|Larson|M|868 Merritt Summit Suite 743|Hillsboro|OR|97124|45.5387|-122.9636|92886|Health and safety inspector|2004-01-23|857987636625|young_adults_male_urban.json|b8c3510225f76abe705ccc43bd551997|2024-01-20|05:42:24|1705747344|gas_transport|78.01|0|Harber Inc|45.667689|-122.488013
507-52-3998|4163287083172781|William|Larson|M|868 Merritt Summit Suite 743|Hillsboro|OR|97124|45.5387|-122.9636|92886|Health and safety inspector|2004-01-23|857987636625|young_adults_male_urban.json|4f8fe21f05d7333675678dd5b38d6f47|2024-01-20|03:28:48|1705739328|gas_transport|83.01|0|Erdman-Kertzmann|44.731567|-123.885579
507-52-3998|4163287083172781|William|Larson|M|868 Merritt Summit Suite 743|Hillsboro|OR|97124|45.5387|-122.9636|92886|Health and safety inspector|2004-01-23|857987636625|young_adults_male_urban.json|3f28852e4c07ce6c2f676ade4f55ea48|2024-01-07|04:32:33|1704619953|gas_transport|50.38|0|Heller-Langosh|44.845257|-123.774485
507-52-3998|4163287083172781|William|Larson|M|868 Merritt Summit Suite 743|Hillsboro|OR|97124|45.5387|-122.9636|92886|Health and safety inspector|2004-01-23|857987636625|young_adults_male_urban.json|4fefa0b75332636632e920b25a227f43|2024-01-17|00:01:20|1705467680|gas_transport|49.52|0|Ledner-Pfannerstill|45.383031|-123.301388
507-52-3998|4163287083172781|William|Larson|M|868 Merritt Summit Suite 743|Hillsboro|OR|97124|45.5387|-122.9636|92886|Health and safety inspector|2004-01-23|857987636625|young_adults_male_urban.json|54d8819a6387b7abcd2df01714a82675|2024-01-16|10:41:19|1705419679|gas_transport|55.82|0|Zieme, Bode and Dooley|46.402672|-122.997258
507-52-3998|4163287083172781|William|Larson|M|868 Merritt Summit Suite 743|Hillsboro|OR|97124|45.5387|-122.9636|92886|Health and safety inspector|2004-01-23|857987636625|young_adults_male_urban.json|0fa6481ee1f8bf2b5b1e896c9d1a5031|2024-02-02|11:09:00|1706890140|grocery_net|42.03|0|Adams, Kovacek and Kuhlman|46.433960|-122.446835
507-52-3998|4163287083172781|William|Larson|M|868 Merritt Summit Suite 743|Hillsboro|OR|97124|45.5387|-122.9636|92886|Health and safety inspector|2004-01-23|857987636625|young_adults_male_urban.json|68d20434f5fc03af8c77e68e7fcf5dce|2024-01-21|10:02:09|1705849329|gas_transport|49.81|0|Friesen-Stamm|44.618944|-122.194980
507-52-3998|4163287083172781|William|Larson|M|868 Merritt Summit Suite 743|Hillsboro|OR|97124|45.5387|-122.9636|92886|Health and safety inspector|2004-01-23|857987636625|young_adults_male_urban.json|6d9d528552e05079c78b3840f54b31b0|2024-01-05|07:13:55|1704456835|gas_transport|43.38|0|Luettgen PLC|45.869661|-122.853362
507-52-3998|4163287083172781|William|Larson|M|868 Merritt Summit Suite 743|Hillsboro|OR|97124|45.5387|-122.9636|92886|Health and safety inspector|2004-01-23|857987636625|young_adults_male_urban.json|bdd81171f1bd56d773f32d0666fc5d0a|2024-01-25|11:34:44|1706200484|gas_transport|31.45|0|Friesen-Stamm|45.041865|-121.993248
507-52-3998|4163287083172781|William|Larson|M|868 Merritt Summit Suite 743|Hillsboro|OR|97124|45.5387|-122.9636|92886|Health and safety inspector|2004-01-23|857987636625|young_adults_male_urban.json|cf11d455de63d3493268ad1537991fb4|2024-01-21|02:05:56|1705820756|gas_transport|54.92|0|Berge LLC|46.453204|-123.352933
507-52-3998|4163287083172781|William|Larson|M|868 Merritt Summit Suite 743|Hillsboro|OR|97124|45.5387|-122.9636|92886|Health and safety inspector|2004-01-23|857987636625|young_adults_male_urban.json|2122fb3692977dbee1ec77e741011083|2024-01-29|00:51:34|1706507494|grocery_net|86.13|0|Tromp, Kerluke and Glover|45.548303|-123.639274
507-52-3998|4163287083172781|William|Larson|M|868 Merritt Summit Suite 743|Hillsboro|OR|97124|45.5387|-122.9636|92886|Health and safety inspector|2004-01-23|857987636625|young_adults_male_urban.json|81c8f364a6d5c89e3f65379e391156e1|2024-01-05|02:08:22|1704438502|gas_transport|40.54|0|Berge LLC|45.459598|-123.691630
507-52-3998|4163287083172781|William|Larson|M|868 Merritt Summit Suite 743|Hillsboro|OR|97124|45.5387|-122.9636|92886|Health and safety inspector|2004-01-23|857987636625|young_adults_male_urban.json|2a4530fb010f35e4cf7b03814899ca38|2024-01-19|05:32:27|1705660347|gas_transport|58.28|0|Mraz-Herzog|46.262775|-122.506543
507-52-3998|4163287083172781|William|Larson|M|868 Merritt Summit Suite 743|Hillsboro|OR|97124|45.5387|-122.9636|92886|Health and safety inspector|2004-01-23|857987636625|young_adults_male_urban.json|f3e5cd6fb2e79aafcd0f01fb2b22978d|2024-01-15|05:12:00|1705313520|gas_transport|39.75|0|Schaefer, Maggio and Daugherty|44.657337|-122.128788
507-52-3998|4163287083172781|William|Larson|M|868 Merritt Summit Suite 743|Hillsboro|OR|97124|45.5387|-122.9636|92886|Health and safety inspector|2004-01-23|857987636625|young_adults_male_urban.json|43262b893fabff68239be98236e7599b|2024-01-05|01:27:35|1704436055|gas_transport|53.86|0|Parisian and Sons|45.810922|-122.674934
507-52-3998|4163287083172781|William|Larson|M|868 Merritt Summit Suite 743|Hillsboro|OR|97124|45.5387|-122.9636|92886|Health and safety inspector|2004-01-23|857987636625|young_adults_male_urban.json|eb10026a7587c32d6a6dd29860c7bef8|2024-01-27|08:30:12|1706362212|gas_transport|59.62|0|Schmitt Inc|44.903872|-123.428054
507-52-3998|4163287083172781|William|Larson|M|868 Merritt Summit Suite 743|Hillsboro|OR|97124|45.5387|-122.9636|92886|Health and safety inspector|2004-01-23|857987636625|young_adults_male_urban.json|5c07bb5e7044dc414bae82ec81a10127|2024-01-02|11:30:48|1704213048|gas_transport|80.35|0|Raynor, Feest and Miller|45.666757|-123.014997
507-52-3998|4163287083172781|William|Larson|M|868 Merritt Summit Suite 743|Hillsboro|OR|97124|45.5387|-122.9636|92886|Health and safety inspector|2004-01-23|857987636625|young_adults_male_urban.json|8cb6461ecfdb9604226894beb2ea0c8b|2024-01-05|07:03:55|1704456235|gas_transport|44.61|0|Ledner-Pfannerstill|45.010141|-122.546093
507-52-3998|4163287083172781|William|Larson|M|868 Merritt Summit Suite 743|Hillsboro|OR|97124|45.5387|-122.9636|92886|Health and safety inspector|2004-01-23|857987636625|young_adults_male_urban.json|eafba8596d9e79e2b612b1ab6e8aff93|2024-01-25|09:06:49|1706191609|gas_transport|70.94|0|Streich, Hansen and Veum|45.536402|-122.006660
507-52-3998|4163287083172781|William|Larson|M|868 Merritt Summit Suite 743|Hillsboro|OR|97124|45.5387|-122.9636|92886|Health and safety inspector|2004-01-23|857987636625|young_adults_male_urban.json|947aefa1a75b1d9d01ac842aab99ed79|2024-01-05|10:49:33|1704469773|gas_transport|62.87|0|Schaefer, Maggio and Daugherty|46.453334|-122.724802
507-52-3998|4163287083172781|William|Larson|M|868 Merritt Summit Suite 743|Hillsboro|OR|97124|45.5387|-122.9636|92886|Health and safety inspector|2004-01-23|857987636625|young_adults_male_urban.json|97eff3ab76cd31020d437782d8393136|2024-02-01|06:40:49|1706787649|grocery_net|55.38|0|Kutch Group|46.291515|-123.583251
507-52-3998|4163287083172781|William|Larson|M|868 Merritt Summit Suite 743|Hillsboro|OR|97124|45.5387|-122.9636|92886|Health and safety inspector|2004-01-23|857987636625|young_adults_male_urban.json|068900ef0770a6428665694b993acf97|2024-01-01|03:16:00|1704096960|gas_transport|35.66|0|Bins-Rice|45.795941|-123.284699
507-52-3998|4163287083172781|William|Larson|M|868 Merritt Summit Suite 743|Hillsboro|OR|97124|45.5387|-122.9636|92886|Health and safety inspector|2004-01-23|857987636625|young_adults_male_urban.json|7a05ae909d9ca56ff813d2bb061ec754|2024-01-07|10:52:21|1704642741|gas_transport|49.05|0|Schaefer, Maggio and Daugherty|45.483896|-122.594677
507-52-3998|4163287083172781|William|Larson|M|868 Merritt Summit Suite 743|Hillsboro|OR|97124|45.5387|-122.9636|92886|Health and safety inspector|2004-01-23|857987636625|young_adults_male_urban.json|46f9482c5271b89f16744f398d576c71|2024-01-07|00:22:14|1704604934|gas_transport|44.33|0|Kutch LLC|44.570493|-122.563545
507-52-3998|4163287083172781|William|Larson|M|868 Merritt Summit Suite 743|Hillsboro|OR|97124|45.5387|-122.9636|92886|Health and safety inspector|2004-01-23|857987636625|young_adults_male_urban.json|e80205278556dfcd583a55f2f8d68f23|2024-01-05|05:03:54|1704449034|gas_transport|64.39|0|Bins-Rice|45.048572|-122.175040
507-52-3998|4163287083172781|William|Larson|M|868 Merritt Summit Suite 743|Hillsboro|OR|97124|45.5387|-122.9636|92886|Health and safety inspector|2004-01-23|857987636625|young_adults_male_urban.json|0109699208b1ccaab90b08f5131a41f6|2024-01-12|09:46:28|1705070788|gas_transport|83.07|0|Reilly, Heaney and Cole|45.763514|-122.812948
507-52-3998|4163287083172781|William|Larson|M|868 Merritt Summit Suite 743|Hillsboro|OR|97124|45.5387|-122.9636|92886|Health and safety inspector|2004-01-23|857987636625|young_adults_male_urban.json|430c46bf74d2682acd1778258c634b18|2024-01-04|08:16:50|1704374210|gas_transport|55.66|0|Cummerata-Jones|45.340468|-123.116224
507-52-3998|4163287083172781|William|Larson|M|868 Merritt Summit Suite 743|Hillsboro|OR|97124|45.5387|-122.9636|92886|Health and safety inspector|2004-01-23|857987636625|young_adults_male_urban.json|97cb2e47f7f065a4075862ad9b8b0fb4|2024-01-12|06:21:57|1705058517|gas_transport|62.99|0|Corwin-Collins|45.966435|-122.363780
507-52-3998|4163287083172781|William|Larson|M|868 Merritt Summit Suite 743|Hillsboro|OR|97124|45.5387|-122.9636|92886|Health and safety inspector|2004-01-23|857987636625|young_adults_male_urban.json|8715aae03470f05c19374de5433311a7|2024-01-13|09:03:16|1705154596|gas_transport|48.66|0|Bernhard Inc|45.155370|-123.195352
507-52-3998|4163287083172781|William|Larson|M|868 Merritt Summit Suite 743|Hillsboro|OR|97124|45.5387|-122.9636|92886|Health and safety inspector|2004-01-23|857987636625|young_adults_male_urban.json|a82cec76efdd400bae78f11d202d1954|2024-01-27|05:39:46|1706351986|grocery_net|82.62|0|Dach-Borer|45.606131|-123.430466
507-52-3998|4163287083172781|William|Larson|M|868 Merritt Summit Suite 743|Hillsboro|OR|97124|45.5387|-122.9636|92886|Health and safety inspector|2004-01-23|857987636625|young_adults_male_urban.json|d460c411e26e006aeab35b34d3377a03|2024-01-06|10:54:23|1704556463|gas_transport|13.83|0|Greenholt, Jacobi and Gleason|45.893358|-123.466676
507-52-3998|4163287083172781|William|Larson|M|868 Merritt Summit Suite 743|Hillsboro|OR|97124|45.5387|-122.9636|92886|Health and safety inspector|2004-01-23|857987636625|young_adults_male_urban.json|31ffcce7bfb679174dca40a70e2cc9c6|2024-01-19|03:16:00|1705652160|gas_transport|37.23|0|Berge LLC|45.653174|-123.325410
507-52-3998|4163287083172781|William|Larson|M|868 Merritt Summit Suite 743|Hillsboro|OR|97124|45.5387|-122.9636|92886|Health and safety inspector|2004-01-23|857987636625|young_adults_male_urban.json|e6ca58ea73a76631b6a0dff75cb31471|2024-01-27|00:53:25|1706334805|gas_transport|16.34|0|Friesen-Stamm|46.056291|-122.371471
507-52-3998|4163287083172781|William|Larson|M|868 Merritt Summit Suite 743|Hillsboro|OR|97124|45.5387|-122.9636|92886|Health and safety inspector|2004-01-23|857987636625|young_adults_male_urban.json|efaa6ac375cdc35c6ba9d12b688775fc|2024-01-12|11:48:57|1705078137|gas_transport|62.38|0|Raynor, Feest and Miller|45.232307|-122.543375
507-52-3998|4163287083172781|William|Larson|M|868 Merritt Summit Suite 743|Hillsboro|OR|97124|45.5387|-122.9636|92886|Health and safety inspector|2004-01-23|857987636625|young_adults_male_urban.json|9f550555e3ed14d12a726f4de6e5bfdb|2024-01-13|07:32:38|1705149158|gas_transport|40.15|0|Harber Inc|45.744321|-122.857453
507-52-3998|4163287083172781|William|Larson|M|868 Merritt Summit Suite 743|Hillsboro|OR|97124|45.5387|-122.9636|92886|Health and safety inspector|2004-01-23|857987636625|young_adults_male_urban.json|265c0bfcb6292ef58bf03c4984055c1a|2024-01-27|04:19:04|1706347144|grocery_net|37.48|0|Smitham-Schiller|45.644414|-122.640573
507-52-3998|4163287083172781|William|Larson|M|868 Merritt Summit Suite 743|Hillsboro|OR|97124|45.5387|-122.9636|92886|Health and safety inspector|2004-01-23|857987636625|young_adults_male_urban.json|01fcc045d054ffbd757f68ce7ce0c3d0|2024-01-11|09:54:21|1704984861|gas_transport|48.91|0|Luettgen PLC|45.349222|-122.385532
507-52-3998|4163287083172781|William|Larson|M|868 Merritt Summit Suite 743|Hillsboro|OR|97124|45.5387|-122.9636|92886|Health and safety inspector|2004-01-23|857987636625|young_adults_male_urban.json|6a57bc0e30bf871cb01e3ebc5dee19ab|2024-01-29|06:11:23|1706526683|grocery_net|20.16|0|VonRueden Group|44.849742|-123.465743
507-52-3998|4163287083172781|William|Larson|M|868 Merritt Summit Suite 743|Hillsboro|OR|97124|45.5387|-122.9636|92886|Health and safety inspector|2004-01-23|857987636625|young_adults_male_urban.json|c7b89c3328b089c1ee91cce90eea6437|2024-02-03|11:40:46|1706978446|grocery_pos|44.69|0|Hudson-Ratke|46.485319|-122.230558
507-52-3998|4163287083172781|William|Larson|M|868 Merritt Summit Suite 743|Hillsboro|OR|97124|45.5387|-122.9636|92886|Health and safety inspector|2004-01-23|857987636625|young_adults_male_urban.json|dbc5a402623e526b065e15a2329bef2e|2024-01-06|00:26:27|1704518787|gas_transport|49.13|0|Ledner-Pfannerstill|46.199572|-122.249825
507-52-3998|4163287083172781|William|Larson|M|868 Merritt Summit Suite 743|Hillsboro|OR|97124|45.5387|-122.9636|92886|Health and safety inspector|2004-01-23|857987636625|young_adults_male_urban.json|33607433b9df2eca6f01ddf215f25c7e|2024-01-20|01:11:48|1705731108|gas_transport|32.14|0|Harber Inc|46.328608|-122.085447
507-52-3998|4163287083172781|William|Larson|M|868 Merritt Summit Suite 743|Hillsboro|OR|97124|45.5387|-122.9636|92886|Health and safety inspector|2004-01-23|857987636625|young_adults_male_urban.json|38a3a6efb43d6aad96065a590941518f|2024-01-23|04:43:03|1706002983|gas_transport|9.78|0|Stroman, Hudson and Erdman|45.800237|-123.850558
507-52-3998|4163287083172781|William|Larson|M|868 Merritt Summit Suite 743|Hillsboro|OR|97124|45.5387|-122.9636|92886|Health and safety inspector|2004-01-23|857987636625|young_adults_male_urban.json|cbcb664efd95709bcca02ab46c8b39e2|2024-01-29|08:06:33|1706533593|grocery_net|32.82|0|Dicki Ltd|44.747421|-123.115346
507-52-3998|4163287083172781|William|Larson|M|868 Merritt Summit Suite 743|Hillsboro|OR|97124|45.5387|-122.9636|92886|Health and safety inspector|2004-01-23|857987636625|young_adults_male_urban.json|be85b21ebfb0224f42ba93a7db9c1ec0|2024-01-06|04:24:02|1704533042|gas_transport|91.44|0|Zieme, Bode and Dooley|45.030386|-122.404511
507-52-3998|4163287083172781|William|Larson|M|868 Merritt Summit Suite 743|Hillsboro|OR|97124|45.5387|-122.9636|92886|Health and safety inspector|2004-01-23|857987636625|young_adults_male_urban.json|e919a73405e1ca4bbf4a0dd299e9386e|2024-01-18|03:09:54|1705565394|gas_transport|39.01|0|Huels-Hahn|44.772082|-122.581287
507-52-3998|4163287083172781|William|Larson|M|868 Merritt Summit Suite 743|Hillsboro|OR|97124|45.5387|-122.9636|92886|Health and safety inspector|2004-01-23|857987636625|young_adults_male_urban.json|2b61dd3726a0da2737f3ce6f8ee4375b|2024-01-09|08:55:17|1704808517|gas_transport|60.61|0|Brekke and Sons|44.805085|-123.214802
507-52-3998|4163287083172781|William|Larson|M|868 Merritt Summit Suite 743|Hillsboro|OR|97124|45.5387|-122.9636|92886|Health and safety inspector|2004-01-23|857987636625|young_adults_male_urban.json|57a12565d3c6b5e40d340829608d36c0|2024-01-04|04:48:40|1704361720|gas_transport|29.34|0|Ledner-Pfannerstill|45.918127|-123.452748
507-52-3998|4163287083172781|William|Larson|M|868 Merritt Summit Suite 743|Hillsboro|OR|97124|45.5387|-122.9636|92886|Health and safety inspector|2004-01-23|857987636625|young_adults_male_urban.json|7ffe6e003bf937de320b2ee2b5ba491f|2024-01-18|06:14:41|1705576481|gas_transport|51.56|0|Bins-Rice|45.916770|-123.276863
507-52-3998|4163287083172781|William|Larson|M|868 Merritt Summit Suite 743|Hillsboro|OR|97124|45.5387|-122.9636|92886|Health and safety inspector|2004-01-23|857987636625|young_adults_male_urban.json|a82f7ff71e524189f4f5d7ae9f9a8567|2024-02-04|10:46:05|1707061565|grocery_pos|50.83|0|Kilback LLC|46.483284|-123.132395
507-52-3998|4163287083172781|William|Larson|M|868 Merritt Summit Suite 743|Hillsboro|OR|97124|45.5387|-122.9636|92886|Health and safety inspector|2004-01-23|857987636625|young_adults_male_urban.json|2d7ca74fd3f95994eb61b729b4f9a6b3|2024-02-02|00:24:44|1706851484|grocery_net|43.65|0|Jaskolski-Dibbert|45.341003|-122.364178
507-52-3998|4163287083172781|William|Larson|M|868 Merritt Summit Suite 743|Hillsboro|OR|97124|45.5387|-122.9636|92886|Health and safety inspector|2004-01-23|857987636625|young_adults_male_urban.json|6bfb1f51104b77bdef257ebc0b55ff76|2024-01-12|08:25:27|1705065927|gas_transport|69.14|0|Olson, Becker and Koch|45.595058|-123.124420
507-52-3998|4163287083172781|William|Larson|M|868 Merritt Summit Suite 743|Hillsboro|OR|97124|45.5387|-122.9636|92886|Health and safety inspector|2004-01-23|857987636625|young_adults_male_urban.json|87b068659e5194a0a431e5ff05c9af8a|2024-01-14|06:45:11|1705232711|gas_transport|74.30|0|Reilly, Heaney and Cole|46.312488|-123.573683
507-52-3998|4163287083172781|William|Larson|M|868 Merritt Summit Suite 743|Hillsboro|OR|97124|45.5387|-122.9636|92886|Health and safety inspector|2004-01-23|857987636625|young_adults_male_urban.json|a3e01caadcd8da922e4fc6c6b56cafb6|2024-01-13|01:14:53|1705126493|gas_transport|104.32|0|Erdman-Kertzmann|45.457440|-123.396975
507-52-3998|4163287083172781|William|Larson|M|868 Merritt Summit Suite 743|Hillsboro|OR|97124|45.5387|-122.9636|92886|Health and safety inspector|2004-01-23|857987636625|young_adults_male_urban.json|0bfa25a94d6b238f654c68e112dab26c|2024-02-06|01:55:00|1707202500|grocery_pos|97.72|0|McDermott-Weimann|45.071389|-123.237460
507-52-3998|4163287083172781|William|Larson|M|868 Merritt Summit Suite 743|Hillsboro|OR|97124|45.5387|-122.9636|92886|Health and safety inspector|2004-01-23|857987636625|young_adults_male_urban.json|d5d060f2f2605c330162ea057eefa523|2024-01-17|08:17:00|1705497420|gas_transport|96.82|0|Eichmann, Bogan and Rodriguez|45.971904|-122.483207
507-52-3998|4163287083172781|William|Larson|M|868 Merritt Summit Suite 743|Hillsboro|OR|97124|45.5387|-122.9636|92886|Health and safety inspector|2004-01-23|857987636625|young_adults_male_urban.json|4551de0ee3630d268e1c1205fa079625|2024-05-27|20:12:25|1716855145|personal_care|78.42|0|Hills-Boyer|46.306758|-122.077009
507-52-3998|4163287083172781|William|Larson|M|868 Merritt Summit Suite 743|Hillsboro|OR|97124|45.5387|-122.9636|92886|Health and safety inspector|2004-01-23|857987636625|young_adults_male_urban.json|b1bec17be48be292baff75ef6c4ce5e2|2024-02-24|18:04:07|1708815847|misc_pos|49.08|0|Smith-Stokes|44.945472|-122.221074
507-52-3998|4163287083172781|William|Larson|M|868 Merritt Summit Suite 743|Hillsboro|OR|97124|45.5387|-122.9636|92886|Health and safety inspector|2004-01-23|857987636625|young_adults_male_urban.json|b543b434e8e8f5d6423e1cb86ea7c68b|2024-04-14|18:48:04|1713134884|food_dining|60.54|0|Zboncak LLC|46.406731|-123.795495
507-52-3998|4163287083172781|William|Larson|M|868 Merritt Summit Suite 743|Hillsboro|OR|97124|45.5387|-122.9636|92886|Health and safety inspector|2004-01-23|857987636625|young_adults_male_urban.json|26c3ad0548254ebcd4bdf68c7740fe60|2024-03-22|20:59:16|1711155556|shopping_pos|66.39|0|Hermann and Sons|44.749206|-123.284532
507-52-3998|4163287083172781|William|Larson|M|868 Merritt Summit Suite 743|Hillsboro|OR|97124|45.5387|-122.9636|92886|Health and safety inspector|2004-01-23|857987636625|young_adults_male_urban.json|2a6e0fdeca0c182b1016dfdd4b882f78|2024-05-26|16:28:49|1716755329|personal_care|82.34|0|Gottlieb-Hansen|46.317517|-123.433647
507-52-3998|4163287083172781|William|Larson|M|868 Merritt Summit Suite 743|Hillsboro|OR|97124|45.5387|-122.9636|92886|Health and safety inspector|2004-01-23|857987636625|young_adults_male_urban.json|22a59cea79689e308b7d94df0166ab40|2024-05-10|21:29:46|1715390986|kids_pets|86.79|0|Dare, Casper and Bartoletti|45.821790|-123.630199
507-52-3998|4163287083172781|William|Larson|M|868 Merritt Summit Suite 743|Hillsboro|OR|97124|45.5387|-122.9636|92886|Health and safety inspector|2004-01-23|857987636625|young_adults_male_urban.json|186f79ba1be194ff772080fa142f7fca|2024-03-17|16:14:17|1710706457|shopping_pos|64.15|0|Baumbach, Strosin and Nicolas|46.164602|-122.700047
507-52-3998|4163287083172781|William|Larson|M|868 Merritt Summit Suite 743|Hillsboro|OR|97124|45.5387|-122.9636|92886|Health and safety inspector|2004-01-23|857987636625|young_adults_male_urban.json|5d1ce82ce7f956a0ed84ebe7cac12f1e|2024-04-29|19:33:01|1714433581|health_fitness|52.83|0|Kertzmann LLC|45.601657|-123.365035
507-52-3998|4163287083172781|William|Larson|M|868 Merritt Summit Suite 743|Hillsboro|OR|97124|45.5387|-122.9636|92886|Health and safety inspector|2004-01-23|857987636625|young_adults_male_urban.json|9dd9f8b8ec4b66d38d02761767195d2d|2024-05-16|13:39:36|1715881176|kids_pets|26.53|0|Nolan-Williamson|46.251287|-122.427049
507-52-3998|4163287083172781|William|Larson|M|868 Merritt Summit Suite 743|Hillsboro|OR|97124|45.5387|-122.9636|92886|Health and safety inspector|2004-01-23|857987636625|young_adults_male_urban.json|9b18e0686afc1379c8e3258b51d673d3|2024-04-15|18:07:21|1713218841|food_dining|78.32|0|Hermiston, Russel and Price|45.295831|-122.952266
507-52-3998|4163287083172781|William|Larson|M|868 Merritt Summit Suite 743|Hillsboro|OR|97124|45.5387|-122.9636|92886|Health and safety inspector|2004-01-23|857987636625|young_adults_male_urban.json|89cd42ffc997545d75d808d0780f70e0|2024-02-24|12:13:58|1708794838|misc_pos|63.51|0|Hermann-Gaylord|46.337163|-123.814411
507-52-3998|4163287083172781|William|Larson|M|868 Merritt Summit Suite 743|Hillsboro|OR|97124|45.5387|-122.9636|92886|Health and safety inspector|2004-01-23|857987636625|young_adults_male_urban.json|a5df480853c4b3e4e8987e70a3d98fe2|2024-04-28|22:01:51|1714356111|health_fitness|67.35|0|Feil-Morar|45.786781|-123.717567
507-52-3998|4163287083172781|William|Larson|M|868 Merritt Summit Suite 743|Hillsboro|OR|97124|45.5387|-122.9636|92886|Health and safety inspector|2004-01-23|857987636625|young_adults_male_urban.json|5f42f0ca25d6dadd71bcb12eb63e6ea7|2024-04-30|23:44:19|1714535059|health_fitness|81.44|0|Runte, Green and Emard|46.358400|-123.417379
507-52-3998|4163287083172781|William|Larson|M|868 Merritt Summit Suite 743|Hillsboro|OR|97124|45.5387|-122.9636|92886|Health and safety inspector|2004-01-23|857987636625|young_adults_male_urban.json|db74e01fa45d32160ae50886f7ff97d6|2024-03-30|23:42:26|1711856546|entertainment|70.53|0|Spencer PLC|45.520938|-122.742698
507-52-3998|4163287083172781|William|Larson|M|868 Merritt Summit Suite 743|Hillsboro|OR|97124|45.5387|-122.9636|92886|Health and safety inspector|2004-01-23|857987636625|young_adults_male_urban.json|397b3ee1b40f1bcda052aab177a07ff0|2024-05-07|20:21:28|1715127688|home|52.20|0|Gulgowski LLC|46.342851|-122.642345
507-52-3998|4163287083172781|William|Larson|M|868 Merritt Summit Suite 743|Hillsboro|OR|97124|45.5387|-122.9636|92886|Health and safety inspector|2004-01-23|857987636625|young_adults_male_urban.json|2f25e83ab80453298a916727f1916fac|2024-05-18|14:30:53|1716057053|kids_pets|74.35|0|Windler LLC|45.115247|-122.790328
507-52-3998|4163287083172781|William|Larson|M|868 Merritt Summit Suite 743|Hillsboro|OR|97124|45.5387|-122.9636|92886|Health and safety inspector|2004-01-23|857987636625|young_adults_male_urban.json|a2959fc714f7e06756e648b06be42c3e|2024-05-24|16:51:30|1716583890|personal_care|48.48|0|Shanahan-Lehner|46.295584|-121.982206
507-52-3998|4163287083172781|William|Larson|M|868 Merritt Summit Suite 743|Hillsboro|OR|97124|45.5387|-122.9636|92886|Health and safety inspector|2004-01-23|857987636625|young_adults_male_urban.json|0ff64f069f3832d792d465df290c9ad8|2024-02-14|21:44:58|1707965098|misc_net|74.00|0|Kunde-Sanford|44.885759|-123.081746
507-52-3998|4163287083172781|William|Larson|M|868 Merritt Summit Suite 743|Hillsboro|OR|97124|45.5387|-122.9636|92886|Health and safety inspector|2004-01-23|857987636625|young_adults_male_urban.json|072e9bdc0f9d97b08fddbe6e92bfbeef|2024-03-23|17:24:46|1711229086|shopping_pos|42.77|0|Quitzon, Green and Bashirian|44.947295|-123.534785
507-52-3998|4163287083172781|William|Larson|M|868 Merritt Summit Suite 743|Hillsboro|OR|97124|45.5387|-122.9636|92886|Health and safety inspector|2004-01-23|857987636625|young_adults_male_urban.json|a506a7dbb6bcc214d32e24393a097134|2024-05-10|12:37:59|1715359079|kids_pets|63.62|0|Gottlieb Group|46.353530|-122.726958
507-52-3998|4163287083172781|William|Larson|M|868 Merritt Summit Suite 743|Hillsboro|OR|97124|45.5387|-122.9636|92886|Health and safety inspector|2004-01-23|857987636625|young_adults_male_urban.json|d300ce7c514495dc2ae954b0989a86f4|2024-04-11|17:13:51|1712870031|entertainment|7.81|0|Beier LLC|46.303005|-123.214286
507-52-3998|4163287083172781|William|Larson|M|868 Merritt Summit Suite 743|Hillsboro|OR|97124|45.5387|-122.9636|92886|Health and safety inspector|2004-01-23|857987636625|young_adults_male_urban.json|9f84a7d2fffce6be0cc11a53b13e810a|2024-05-27|20:56:27|1716857787|personal_care|274.95|0|Kautzer and Sons|45.828995|-122.339636
507-52-3998|4163287083172781|William|Larson|M|868 Merritt Summit Suite 743|Hillsboro|OR|97124|45.5387|-122.9636|92886|Health and safety inspector|2004-01-23|857987636625|young_adults_male_urban.json|50cf939dd25a9c29ee282137ff20ac63|2024-03-30|22:14:41|1711851281|entertainment|9.89|0|Johns Inc|45.258967|-122.255466
507-52-3998|4163287083172781|William|Larson|M|868 Merritt Summit Suite 743|Hillsboro|OR|97124|45.5387|-122.9636|92886|Health and safety inspector|2004-01-23|857987636625|young_adults_male_urban.json|5df6221d51ebe8dc4aab5cba3cd41312|2024-04-19|20:43:14|1713573794|food_dining|8.77|0|Lesch, D'Amore and Brown|44.661011|-123.331431
507-52-3998|4163287083172781|William|Larson|M|868 Merritt Summit Suite 743|Hillsboro|OR|97124|45.5387|-122.9636|92886|Health and safety inspector|2004-01-23|857987636625|young_adults_male_urban.json|e56b4ddf23198aefeb26b2ef889f4f8f|2024-04-21|12:05:55|1713715555|health_fitness|1.98|0|Hirthe-Beier|44.777159|-123.226432
507-52-3998|4163287083172781|William|Larson|M|868 Merritt Summit Suite 743|Hillsboro|OR|97124|45.5387|-122.9636|92886|Health and safety inspector|2004-01-23|857987636625|young_adults_male_urban.json|8361845ab47f474576d478eecd3a7660|2024-02-17|16:15:42|1708204542|misc_net|9.95|0|Kerluke Inc|46.426440|-123.813011
507-52-3998|4163287083172781|William|Larson|M|868 Merritt Summit Suite 743|Hillsboro|OR|97124|45.5387|-122.9636|92886|Health and safety inspector|2004-01-23|857987636625|young_adults_male_urban.json|3ebb21d6309ab4da2282a9f2092875cc|2024-06-01|18:53:23|1717282403|travel|9.07|0|Hahn, Douglas and Schowalter|45.596764|-122.250336
507-52-3998|4163287083172781|William|Larson|M|868 Merritt Summit Suite 743|Hillsboro|OR|97124|45.5387|-122.9636|92886|Health and safety inspector|2004-01-23|857987636625|young_adults_male_urban.json|d84e76331cbe86d47b8b17c4b69932d1|2024-05-27|17:00:52|1716843652|personal_care|7.73|0|Nader-Maggio|45.498914|-122.825928
507-52-3998|4163287083172781|William|Larson|M|868 Merritt Summit Suite 743|Hillsboro|OR|97124|45.5387|-122.9636|92886|Health and safety inspector|2004-01-23|857987636625|young_adults_male_urban.json|32bc3cb84eec9b1945b50a56ccc4ad5c|2024-03-10|22:57:18|1710125838|shopping_net|3.80|0|Terry-Huel|44.636133|-122.047879
507-52-3998|4163287083172781|William|Larson|M|868 Merritt Summit Suite 743|Hillsboro|OR|97124|45.5387|-122.9636|92886|Health and safety inspector|2004-01-23|857987636625|young_adults_male_urban.json|3039a3edcc801ace0b0561a898aecd50|2024-05-25|20:06:00|1716681960|personal_care|329.99|0|Kozey-Kuhlman|46.164234|-122.848190
507-52-3998|4163287083172781|William|Larson|M|868 Merritt Summit Suite 743|Hillsboro|OR|97124|45.5387|-122.9636|92886|Health and safety inspector|2004-01-23|857987636625|young_adults_male_urban.json|a871d76de2ca3b9a298259c838d47097|2024-05-06|18:25:00|1715034300|home|5.85|0|Medhurst Inc|45.058851|-122.483300
507-52-3998|4163287083172781|William|Larson|M|868 Merritt Summit Suite 743|Hillsboro|OR|97124|45.5387|-122.9636|92886|Health and safety inspector|2004-01-23|857987636625|young_adults_male_urban.json|3c2f7ce475a9b9db4f59b498f37da264|2024-02-22|13:40:35|1708627235|misc_net|5.69|0|Lebsack and Sons|46.533984|-123.912178
507-52-3998|4163287083172781|William|Larson|M|868 Merritt Summit Suite 743|Hillsboro|OR|97124|45.5387|-122.9636|92886|Health and safety inspector|2004-01-23|857987636625|young_adults_male_urban.json|5d4b9f49342f8cfabccf260ea06fbd30|2024-05-04|17:13:19|1714857199|home|9.25|0|Reilly LLC|45.545044|-123.682972
507-52-3998|4163287083172781|William|Larson|M|868 Merritt Summit Suite 743|Hillsboro|OR|97124|45.5387|-122.9636|92886|Health and safety inspector|2004-01-23|857987636625|young_adults_male_urban.json|1f6dcf1b8e040912f55f11846d7097da|2024-04-20|19:06:39|1713654399|food_dining|11.63|0|Conroy-Emard|45.347704|-123.363880
507-52-3998|4163287083172781|William|Larson|M|868 Merritt Summit Suite 743|Hillsboro|OR|97124|45.5387|-122.9636|92886|Health and safety inspector|2004-01-23|857987636625|young_adults_male_urban.json|56723f221995ce401c405b7b7ebe0627|2024-02-22|16:28:11|1708637291|misc_net|19.78|0|Block-Parisian|46.438984|-122.478027
507-52-3998|4163287083172781|William|Larson|M|868 Merritt Summit Suite 743|Hillsboro|OR|97124|45.5387|-122.9636|92886|Health and safety inspector|2004-01-23|857987636625|young_adults_male_urban.json|9c7632a4a4a12f71462228aaeac389b3|2024-02-29|17:05:45|1709244345|misc_pos|1.19|0|Halvorson Group|45.608845|-122.602491
507-52-3998|4163287083172781|William|Larson|M|868 Merritt Summit Suite 743|Hillsboro|OR|97124|45.5387|-122.9636|92886|Health and safety inspector|2004-01-23|857987636625|young_adults_male_urban.json|ee9c15c85f56b7b4bca0c7a9467d8a4e|2024-04-26|21:24:34|1714181074|health_fitness|1.74|0|Feil-Morar|46.495658|-122.084060
507-52-3998|4163287083172781|William|Larson|M|868 Merritt Summit Suite 743|Hillsboro|OR|97124|45.5387|-122.9636|92886|Health and safety inspector|2004-01-23|857987636625|young_adults_male_urban.json|29e086030bb4a05f93afa4d48634a41a|2024-04-21|20:18:29|1713745109|food_dining|1.49|0|Abernathy and Sons|45.155777|-122.474046
507-52-3998|4163287083172781|William|Larson|M|868 Merritt Summit Suite 743|Hillsboro|OR|97124|45.5387|-122.9636|92886|Health and safety inspector|2004-01-23|857987636625|young_adults_male_urban.json|c7b0d34911fe82b16c14adac442bb4d8|2024-04-30|19:24:05|1714519445|health_fitness|181.11|0|Bahringer Group|46.514272|-122.692221
507-52-3998|4163287083172781|William|Larson|M|868 Merritt Summit Suite 743|Hillsboro|OR|97124|45.5387|-122.9636|92886|Health and safety inspector|2004-01-23|857987636625|young_adults_male_urban.json|ab57e59341e2a45fc676a5aba91afcd4|2024-02-13|21:54:03|1707879243|misc_net|4.33|0|McGlynn-Heathcote|46.380532|-122.699791
507-52-3998|4163287083172781|William|Larson|M|868 Merritt Summit Suite 743|Hillsboro|OR|97124|45.5387|-122.9636|92886|Health and safety inspector|2004-01-23|857987636625|young_adults_male_urban.json|c46cf8446ffdeb9515d1a25667b6cd1a|2024-05-05|13:47:02|1714931222|home|1.22|0|McDermott, Osinski and Morar|44.565193|-123.122163
507-52-3998|4163287083172781|William|Larson|M|868 Merritt Summit Suite 743|Hillsboro|OR|97124|45.5387|-122.9636|92886|Health and safety inspector|2004-01-23|857987636625|young_adults_male_urban.json|bf58a059302969b9f11240ca841281a9|2024-04-14|21:05:41|1713143141|food_dining|42.27|0|Schumm, McLaughlin and Carter|46.025592|-123.185087
507-52-3998|4163287083172781|William|Larson|M|868 Merritt Summit Suite 743|Hillsboro|OR|97124|45.5387|-122.9636|92886|Health and safety inspector|2004-01-23|857987636625|young_adults_male_urban.json|4737ffa5546abb11c12c9aca2e04d7f3|2024-05-04|22:56:21|1714877781|home|43.54|0|Witting, Beer and Ernser|45.989488|-123.208360
507-52-3998|4163287083172781|William|Larson|M|868 Merritt Summit Suite 743|Hillsboro|OR|97124|45.5387|-122.9636|92886|Health and safety inspector|2004-01-23|857987636625|young_adults_male_urban.json|3393af6774c9a9c9f4e59e50ccd7821d|2024-04-01|16:51:41|1712004701|entertainment|6.06|0|Upton PLC|46.268538|-122.710289
507-52-3998|4163287083172781|William|Larson|M|868 Merritt Summit Suite 743|Hillsboro|OR|97124|45.5387|-122.9636|92886|Health and safety inspector|2004-01-23|857987636625|young_adults_male_urban.json|b4bcc0d75369a333f999d009ca990b5c|2024-04-25|21:16:13|1714094173|health_fitness|2.07|0|Hirthe-Beier|45.023391|-123.071852
507-52-3998|4163287083172781|William|Larson|M|868 Merritt Summit Suite 743|Hillsboro|OR|97124|45.5387|-122.9636|92886|Health and safety inspector|2004-01-23|857987636625|young_adults_male_urban.json|10e97dbb8288c120130100cc45db8e54|2024-04-02|17:25:51|1712093151|entertainment|8.42|0|Upton PLC|45.157723|-123.758720
507-52-3998|4163287083172781|William|Larson|M|868 Merritt Summit Suite 743|Hillsboro|OR|97124|45.5387|-122.9636|92886|Health and safety inspector|2004-01-23|857987636625|young_adults_male_urban.json|293e9d8a06c1a47cf4e3ab506692b1ef|2024-03-16|22:19:31|1710641971|shopping_pos|961.21|0|Lynch Ltd|46.162801|-122.365641
507-52-3998|4163287083172781|William|Larson|M|868 Merritt Summit Suite 743|Hillsboro|OR|97124|45.5387|-122.9636|92886|Health and safety inspector|2004-01-23|857987636625|young_adults_male_urban.json|955bd857f53c1cbd5a5deea4c8ace467|2024-03-15|17:33:13|1710538393|shopping_net|1.34|0|Mosciski, Ziemann and Farrell|46.130303|-122.925855
507-52-3998|4163287083172781|William|Larson|M|868 Merritt Summit Suite 743|Hillsboro|OR|97124|45.5387|-122.9636|92886|Health and safety inspector|2004-01-23|857987636625|young_adults_male_urban.json|8d7ded6d82a87d1ee25f4e2f94aaeb50|2024-03-02|13:50:39|1709405439|misc_pos|1.64|0|Lehner, Reichert and Mills|45.520869|-122.052096
507-52-3998|4163287083172781|William|Larson|M|868 Merritt Summit Suite 743|Hillsboro|OR|97124|45.5387|-122.9636|92886|Health and safety inspector|2004-01-23|857987636625|young_adults_male_urban.json|44e554e3d4863db679e2634d8063d6b1|2024-05-24|18:20:09|1716589209|personal_care|8.52|0|Medhurst, Cartwright and Ebert|45.796352|-123.192085
507-52-3998|4163287083172781|William|Larson|M|868 Merritt Summit Suite 743|Hillsboro|OR|97124|45.5387|-122.9636|92886|Health and safety inspector|2004-01-23|857987636625|young_adults_male_urban.json|559cdec9800fa03b5397e559eb6c2f28|2024-02-09|23:04:22|1707537862|grocery_pos|5.41|0|Padberg-Welch|44.556608|-123.808547
507-52-3998|4163287083172781|William|Larson|M|868 Merritt Summit Suite 743|Hillsboro|OR|97124|45.5387|-122.9636|92886|Health and safety inspector|2004-01-23|857987636625|young_adults_male_urban.json|0a98c3d3e43883c3b55a567e85b24c69|2024-06-01|15:15:36|1717269336|travel|3.42|0|Veum-Koelpin|46.084187|-123.088059
507-52-3998|4163287083172781|William|Larson|M|868 Merritt Summit Suite 743|Hillsboro|OR|97124|45.5387|-122.9636|92886|Health and safety inspector|2004-01-23|857987636625|young_adults_male_urban.json|5a6680cd22e047347ebe3f10f50ecced|2024-05-04|12:25:37|1714839937|home|60.04|0|Gerhold LLC|45.238693|-123.945623
507-52-3998|4163287083172781|William|Larson|M|868 Merritt Summit Suite 743|Hillsboro|OR|97124|45.5387|-122.9636|92886|Health and safety inspector|2004-01-23|857987636625|young_adults_male_urban.json|8e7b6d8daa1cd23beb44c41cd02b344b|2024-06-01|12:00:52|1717257652|travel|2.47|0|Veum-Koelpin|44.753662|-123.634220
507-52-3998|4163287083172781|William|Larson|M|868 Merritt Summit Suite 743|Hillsboro|OR|97124|45.5387|-122.9636|92886|Health and safety inspector|2004-01-23|857987636625|young_adults_male_urban.json|37ca028e5846d71948b7ddd46193680c|2024-04-13|13:11:57|1713028317|food_dining|4.08|0|Schulist Ltd|44.543151|-122.509306
507-52-3998|4163287083172781|William|Larson|M|868 Merritt Summit Suite 743|Hillsboro|OR|97124|45.5387|-122.9636|92886|Health and safety inspector|2004-01-23|857987636625|young_adults_male_urban.json|f7b6bb84c4d9b0b47e3dc63ac46fb38f|2024-04-21|15:06:28|1713726388|health_fitness|100.78|0|Kulas Group|44.920722|-123.132970
507-52-3998|4163287083172781|William|Larson|M|868 Merritt Summit Suite 743|Hillsboro|OR|97124|45.5387|-122.9636|92886|Health and safety inspector|2004-01-23|857987636625|young_adults_male_urban.json|6ad3e1aaa3350453217722c6efad702c|2024-06-01|15:39:15|1717270755|travel|8.54|0|Ebert-Daugherty|44.541995|-123.454961
507-52-3998|4163287083172781|William|Larson|M|868 Merritt Summit Suite 743|Hillsboro|OR|97124|45.5387|-122.9636|92886|Health and safety inspector|2004-01-23|857987636625|young_adults_male_urban.json|e633940ab891cbe3de237c1cbd644ddf|2024-05-25|17:54:53|1716674093|personal_care|32.22|0|Auer LLC|44.644106|-122.142871
507-52-3998|4163287083172781|William|Larson|M|868 Merritt Summit Suite 743|Hillsboro|OR|97124|45.5387|-122.9636|92886|Health and safety inspector|2004-01-23|857987636625|young_adults_male_urban.json|18bec7a1bfd88f50f484892b2e2269fe|2024-04-10|12:05:21|1712765121|entertainment|177.09|0|Nicolas, Hills and McGlynn|45.499896|-122.847756
507-52-3998|4163287083172781|William|Larson|M|868 Merritt Summit Suite 743|Hillsboro|OR|97124|45.5387|-122.9636|92886|Health and safety inspector|2004-01-23|857987636625|young_adults_male_urban.json|252ef3879a6d37af630a08c75181b0de|2024-05-23|12:00:00|1716480000|personal_care|1.72|0|Emmerich-Rau|46.161411|-122.881333
507-52-3998|4163287083172781|William|Larson|M|868 Merritt Summit Suite 743|Hillsboro|OR|97124|45.5387|-122.9636|92886|Health and safety inspector|2004-01-23|857987636625|young_adults_male_urban.json|056af225c3810ab13a7ab694dbe46b5c|2024-03-01|13:47:32|1709318852|misc_pos|24.50|0|Kemmer-Buckridge|46.117105|-122.039120
507-52-3998|4163287083172781|William|Larson|M|868 Merritt Summit Suite 743|Hillsboro|OR|97124|45.5387|-122.9636|92886|Health and safety inspector|2004-01-23|857987636625|young_adults_male_urban.json|349705478a69e464326c31b9d4af8158|2024-03-16|17:28:38|1710624518|shopping_net|8.85|0|Hills-Witting|45.561575|-123.509929
507-52-3998|4163287083172781|William|Larson|M|868 Merritt Summit Suite 743|Hillsboro|OR|97124|45.5387|-122.9636|92886|Health and safety inspector|2004-01-23|857987636625|young_adults_male_urban.json|e5e64b19c0d76f332f36cd2e17994b00|2024-02-09|18:29:11|1707521351|grocery_pos|112.01|0|Koepp-Parker|44.806029|-122.112594
507-52-3998|4163287083172781|William|Larson|M|868 Merritt Summit Suite 743|Hillsboro|OR|97124|45.5387|-122.9636|92886|Health and safety inspector|2004-01-23|857987636625|young_adults_male_urban.json|5fd9760097628f72d09cc38acd05a334|2024-02-29|14:50:00|1709236200|misc_pos|2.01|0|McGlynn-Jaskolski|44.658856|-123.181379
507-52-3998|4163287083172781|William|Larson|M|868 Merritt Summit Suite 743|Hillsboro|OR|97124|45.5387|-122.9636|92886|Health and safety inspector|2004-01-23|857987636625|young_adults_male_urban.json|bae46bf25748652a53542cbfe3cb4bb1|2024-05-15|14:23:03|1715797383|kids_pets|1.72|0|Lubowitz-Walter|44.698597|-122.468534
507-52-3998|4163287083172781|William|Larson|M|868 Merritt Summit Suite 743|Hillsboro|OR|97124|45.5387|-122.9636|92886|Health and safety inspector|2004-01-23|857987636625|young_adults_male_urban.json|2b5cfd33c3d166179f18127c41aba895|2024-06-01|22:16:57|1717294617|travel|5.53|0|Satterfield-Lowe|45.772899|-123.372886
507-52-3998|4163287083172781|William|Larson|M|868 Merritt Summit Suite 743|Hillsboro|OR|97124|45.5387|-122.9636|92886|Health and safety inspector|2004-01-23|857987636625|young_adults_male_urban.json|84655a25e7972c4eba06f5bc8d99b1be|2024-06-01|19:16:49|1717283809|travel|12.64|0|Kris-Kertzmann|45.282551|-122.262666
507-52-3998|4163287083172781|William|Larson|M|868 Merritt Summit Suite 743|Hillsboro|OR|97124|45.5387|-122.9636|92886|Health and safety inspector|2004-01-23|857987636625|young_adults_male_urban.json|482d5afa38981fda778dfd6566e820b0|2024-03-31|12:33:13|1711902793|entertainment|2.99|0|Hoppe, Harris and Bednar|45.775654|-122.437880
507-52-3998|4163287083172781|William|Larson|M|868 Merritt Summit Suite 743|Hillsboro|OR|97124|45.5387|-122.9636|92886|Health and safety inspector|2004-01-23|857987636625|young_adults_male_urban.json|7609e4d22d55e064bac1ffb182382afe|2024-04-10|15:55:53|1712778953|entertainment|9.43|0|Schaefer, Fay and Hilll|45.774473|-122.334772
507-52-3998|4163287083172781|William|Larson|M|868 Merritt Summit Suite 743|Hillsboro|OR|97124|45.5387|-122.9636|92886|Health and safety inspector|2004-01-23|857987636625|young_adults_male_urban.json|d2aac63f7d73cca9ed0ef4d6937e15e6|2024-05-17|23:08:25|1716001705|kids_pets|23.61|0|Wilkinson PLC|46.043604|-123.058283
507-52-3998|4163287083172781|William|Larson|M|868 Merritt Summit Suite 743|Hillsboro|OR|97124|45.5387|-122.9636|92886|Health and safety inspector|2004-01-23|857987636625|young_adults_male_urban.json|4f5ab9dbcb7ee3473709a8585a2eac25|2024-05-26|18:39:54|1716763194|personal_care|4.84|0|Nienow, Barrows and Romaguera|46.288893|-123.635747
507-52-3998|4163287083172781|William|Larson|M|868 Merritt Summit Suite 743|Hillsboro|OR|97124|45.5387|-122.9636|92886|Health and safety inspector|2004-01-23|857987636625|young_adults_male_urban.json|7f3a2b5a94fcc34d69b80b25e60cdbca|2024-04-03|21:12:30|1712193150|entertainment|6.82|0|Cummerata-Hilpert|46.401570|-122.668937
507-52-3998|4163287083172781|William|Larson|M|868 Merritt Summit Suite 743|Hillsboro|OR|97124|45.5387|-122.9636|92886|Health and safety inspector|2004-01-23|857987636625|young_adults_male_urban.json|4409c294803ddf2b8edfd25d79c375e5|2024-03-30|15:38:05|1711827485|shopping_pos|1.07|0|Kihn Inc|45.110535|-123.407071
507-52-3998|4163287083172781|William|Larson|M|868 Merritt Summit Suite 743|Hillsboro|OR|97124|45.5387|-122.9636|92886|Health and safety inspector|2004-01-23|857987636625|young_adults_male_urban.json|e5456071daf6b409737a1d74880e1047|2024-02-17|12:07:41|1708189661|misc_net|5.46|0|Johnson, Runolfsdottir and Mayer|45.078073|-123.448824
507-52-3998|4163287083172781|William|Larson|M|868 Merritt Summit Suite 743|Hillsboro|OR|97124|45.5387|-122.9636|92886|Health and safety inspector|2004-01-23|857987636625|young_adults_male_urban.json|57c9786ae40096525a64298eecf66074|2024-03-22|16:31:09|1711139469|shopping_pos|7.94|0|Jacobi and Sons|44.566381|-123.012229
507-52-3998|4163287083172781|William|Larson|M|868 Merritt Summit Suite 743|Hillsboro|OR|97124|45.5387|-122.9636|92886|Health and safety inspector|2004-01-23|857987636625|young_adults_male_urban.json|7b5af044b54109502e2a153003cd8bde|2024-04-20|15:54:35|1713642875|food_dining|160.30|0|Runte-Mohr|46.223077|-123.624440
507-52-3998|4163287083172781|William|Larson|M|868 Merritt Summit Suite 743|Hillsboro|OR|97124|45.5387|-122.9636|92886|Health and safety inspector|2004-01-23|857987636625|young_adults_male_urban.json|fd151a50ac6eff19a336d6a451063fd0|2024-03-30|13:00:20|1711818020|entertainment|6.61|0|Cruickshank-Mills|45.949813|-122.897080
507-52-3998|4163287083172781|William|Larson|M|868 Merritt Summit Suite 743|Hillsboro|OR|97124|45.5387|-122.9636|92886|Health and safety inspector|2004-01-23|857987636625|young_adults_male_urban.json|9bb568beedaf136ee54c33d97c3c52a3|2024-04-15|15:25:04|1713209104|food_dining|1.86|0|Harris Group|45.384976|-122.526794
507-52-3998|4163287083172781|William|Larson|M|868 Merritt Summit Suite 743|Hillsboro|OR|97124|45.5387|-122.9636|92886|Health and safety inspector|2004-01-23|857987636625|young_adults_male_urban.json|4d9b49bad2f81ed38c7ccaa1bd200834|2024-04-07|17:59:40|1712527180|entertainment|7.63|0|Schuppe LLC|45.246630|-123.227172
507-52-3998|4163287083172781|William|Larson|M|868 Merritt Summit Suite 743|Hillsboro|OR|97124|45.5387|-122.9636|92886|Health and safety inspector|2004-01-23|857987636625|young_adults_male_urban.json|16e13c3d9586bb92fa56395aefebc4e3|2024-04-19|21:27:55|1713576475|food_dining|8.59|0|Bechtelar-Rippin|45.576338|-122.110386
507-52-3998|4163287083172781|William|Larson|M|868 Merritt Summit Suite 743|Hillsboro|OR|97124|45.5387|-122.9636|92886|Health and safety inspector|2004-01-23|857987636625|young_adults_male_urban.json|d57d86be47d72e74036f1f352e3dbbcd|2024-05-09|12:26:46|1715272006|home|9.12|0|Ernser-Feest|45.182815|-122.765651
507-52-3998|4163287083172781|William|Larson|M|868 Merritt Summit Suite 743|Hillsboro|OR|97124|45.5387|-122.9636|92886|Health and safety inspector|2004-01-23|857987636625|young_adults_male_urban.json|da0fe009348f57037406df541231004c|2024-05-19|14:01:25|1716141685|kids_pets|12.55|0|Nolan-Williamson|46.272981|-123.417079
507-52-3998|4163287083172781|William|Larson|M|868 Merritt Summit Suite 743|Hillsboro|OR|97124|45.5387|-122.9636|92886|Health and safety inspector|2004-01-23|857987636625|young_adults_male_urban.json|f9f04c97e223026ed3df004499736283|2024-02-17|23:54:53|1708232093|misc_net|38.60|0|Flatley-Durgan|46.489272|-122.644204
507-52-3998|4163287083172781|William|Larson|M|868 Merritt Summit Suite 743|Hillsboro|OR|97124|45.5387|-122.9636|92886|Health and safety inspector|2004-01-23|857987636625|young_adults_male_urban.json|f3385a7cf344352b34a1843bcdd06c50|2024-03-03|12:46:39|1709487999|misc_pos|2.65|0|Hermann-Gaylord|45.933758|-123.536920
507-52-3998|4163287083172781|William|Larson|M|868 Merritt Summit Suite 743|Hillsboro|OR|97124|45.5387|-122.9636|92886|Health and safety inspector|2004-01-23|857987636625|young_adults_male_urban.json|c9f4567cd8212aa800187b483e30806b|2024-03-08|12:51:15|1709920275|shopping_net|106.28|0|Kihn, Abernathy and Douglas|46.045743|-122.984045
507-52-3998|4163287083172781|William|Larson|M|868 Merritt Summit Suite 743|Hillsboro|OR|97124|45.5387|-122.9636|92886|Health and safety inspector|2004-01-23|857987636625|young_adults_male_urban.json|875f4d90ba7e40bd64543d17e56770f3|2024-05-16|23:11:37|1715915497|kids_pets|3.78|0|Weimann-Lockman|46.068474|-122.955914
507-52-3998|4163287083172781|William|Larson|M|868 Merritt Summit Suite 743|Hillsboro|OR|97124|45.5387|-122.9636|92886|Health and safety inspector|2004-01-23|857987636625|young_adults_male_urban.json|7df3cf19e739790198b54fa797231349|2024-02-11|12:24:18|1707672258|grocery_pos|9.47|0|Rowe, Batz and Goodwin|45.724767|-123.906170
507-52-3998|4163287083172781|William|Larson|M|868 Merritt Summit Suite 743|Hillsboro|OR|97124|45.5387|-122.9636|92886|Health and safety inspector|2004-01-23|857987636625|young_adults_male_urban.json|969ac69bc1b4518cbae001cf79f0cdc7|2024-03-22|15:35:21|1711136121|shopping_pos|6.51|0|Jacobi and Sons|45.167483|-123.007879
507-52-3998|4163287083172781|William|Larson|M|868 Merritt Summit Suite 743|Hillsboro|OR|97124|45.5387|-122.9636|92886|Health and safety inspector|2004-01-23|857987636625|young_adults_male_urban.json|62307be8121319c9923371b4e64b1e44|2024-05-31|18:09:59|1717193399|travel|1467.24|0|Hackett Group|45.477158|-122.322011
507-52-3998|4163287083172781|William|Larson|M|868 Merritt Summit Suite 743|Hillsboro|OR|97124|45.5387|-122.9636|92886|Health and safety inspector|2004-01-23|857987636625|young_adults_male_urban.json|14250bbca7f2ccfdcb33879fec17dc7c|2024-02-23|18:02:10|1708729330|misc_pos|4.99|0|Nienow, Ankunding and Collier|45.821325|-122.266365
507-52-3998|4163287083172781|William|Larson|M|868 Merritt Summit Suite 743|Hillsboro|OR|97124|45.5387|-122.9636|92886|Health and safety inspector|2004-01-23|857987636625|young_adults_male_urban.json|95fc9cd5c5eccec8f2e9cc33236de0f0|2024-04-20|19:08:58|1713654538|food_dining|39.79|0|Will Ltd|44.956651|-123.076444
507-52-3998|4163287083172781|William|Larson|M|868 Merritt Summit Suite 743|Hillsboro|OR|97124|45.5387|-122.9636|92886|Health and safety inspector|2004-01-23|857987636625|young_adults_male_urban.json|afc64ee3a649edad4c77eb5dfa37c0cc|2024-03-19|12:27:12|1710865632|shopping_pos|5.23|0|Hudson-Grady|44.570438|-123.339834
507-52-3998|4163287083172781|William|Larson|M|868 Merritt Summit Suite 743|Hillsboro|OR|97124|45.5387|-122.9636|92886|Health and safety inspector|2004-01-23|857987636625|young_adults_male_urban.json|0c4c7e58011193f3ffc102079aefe272|2024-05-12|22:56:10|1715568970|kids_pets|7.64|0|Metz, Russel and Metz|45.790169|-123.882878
507-52-3998|4163287083172781|William|Larson|M|868 Merritt Summit Suite 743|Hillsboro|OR|97124|45.5387|-122.9636|92886|Health and safety inspector|2004-01-23|857987636625|young_adults_male_urban.json|7a7f85d7c156e74e09007e200788e723|2024-05-24|21:30:01|1716600601|personal_care|534.73|0|Nader-Maggio|45.711960|-122.753112
507-52-3998|4163287083172781|William|Larson|M|868 Merritt Summit Suite 743|Hillsboro|OR|97124|45.5387|-122.9636|92886|Health and safety inspector|2004-01-23|857987636625|young_adults_male_urban.json|6e2e6a6abf3aca787a4b213c810730a0|2024-04-10|17:03:21|1712783001|entertainment|1233.90|0|Dibbert-Green|45.171618|-122.419839
507-52-3998|4163287083172781|William|Larson|M|868 Merritt Summit Suite 743|Hillsboro|OR|97124|45.5387|-122.9636|92886|Health and safety inspector|2004-01-23|857987636625|young_adults_male_urban.json|929cd9e6066b0ae285995d0cb57d9a58|2024-03-08|18:09:30|1709939370|shopping_net|5.59|0|Kihn, Abernathy and Douglas|46.173316|-123.503829
507-52-3998|4163287083172781|William|Larson|M|868 Merritt Summit Suite 743|Hillsboro|OR|97124|45.5387|-122.9636|92886|Health and safety inspector|2004-01-23|857987636625|young_adults_male_urban.json|b46eb2bd812992858021facf80aafe36|2024-04-10|13:08:18|1712768898|entertainment|14.95|0|Brown-Greenholt|44.650050|-123.490836
507-52-3998|4163287083172781|William|Larson|M|868 Merritt Summit Suite 743|Hillsboro|OR|97124|45.5387|-122.9636|92886|Health and safety inspector|2004-01-23|857987636625|young_adults_male_urban.json|5923abc31d9d0acd5456e6bbe76d599d|2024-05-25|14:53:49|1716663229|personal_care|9.08|0|Kozey-Kuhlman|46.484869|-123.096299
507-52-3998|4163287083172781|William|Larson|M|868 Merritt Summit Suite 743|Hillsboro|OR|97124|45.5387|-122.9636|92886|Health and safety inspector|2004-01-23|857987636625|young_adults_male_urban.json|1e2f39218cba0c46ce54d705b9026f89|2024-04-12|14:19:59|1712945999|food_dining|1.78|0|Kuhn Group|44.589533|-123.696864
507-52-3998|4163287083172781|William|Larson|M|868 Merritt Summit Suite 743|Hillsboro|OR|97124|45.5387|-122.9636|92886|Health and safety inspector|2004-01-23|857987636625|young_adults_male_urban.json|cc73c25065f43b4c814b499f9d8e0435|2024-04-13|15:15:51|1713035751|food_dining|6.44|0|Will Ltd|45.249829|-122.860523
507-52-3998|4163287083172781|William|Larson|M|868 Merritt Summit Suite 743|Hillsboro|OR|97124|45.5387|-122.9636|92886|Health and safety inspector|2004-01-23|857987636625|young_adults_male_urban.json|f690602c5b73ba28696cdb411c8b7a12|2024-03-23|18:17:44|1711232264|shopping_pos|5.35|0|Mayert Group|45.358330|-122.698150
507-52-3998|4163287083172781|William|Larson|M|868 Merritt Summit Suite 743|Hillsboro|OR|97124|45.5387|-122.9636|92886|Health and safety inspector|2004-01-23|857987636625|young_adults_male_urban.json|e67c50f5226d1709032ddac45485fdc6|2024-03-03|17:26:18|1709504778|misc_pos|4.67|0|Herzog Ltd|45.304834|-122.530225
507-52-3998|4163287083172781|William|Larson|M|868 Merritt Summit Suite 743|Hillsboro|OR|97124|45.5387|-122.9636|92886|Health and safety inspector|2004-01-23|857987636625|young_adults_male_urban.json|821065ce52254cba1505fc0828f7e29c|2024-03-03|23:40:06|1709527206|misc_pos|3.41|0|Maggio-Fahey|46.247889|-123.125312
507-52-3998|4163287083172781|William|Larson|M|868 Merritt Summit Suite 743|Hillsboro|OR|97124|45.5387|-122.9636|92886|Health and safety inspector|2004-01-23|857987636625|young_adults_male_urban.json|1fa7c808458d9a2d9a67ffffb5b38b0f|2024-03-03|22:12:04|1709521924|shopping_net|7.88|0|Altenwerth, Cartwright and Koss|45.253153|-122.610573
507-52-3998|4163287083172781|William|Larson|M|868 Merritt Summit Suite 743|Hillsboro|OR|97124|45.5387|-122.9636|92886|Health and safety inspector|2004-01-23|857987636625|young_adults_male_urban.json|04852f10c7b1c85d96ce74f67744bb1a|2024-03-30|21:08:07|1711847287|shopping_pos|9.11|0|Turner and Sons|46.353103|-123.178008
507-52-3998|4163287083172781|William|Larson|M|868 Merritt Summit Suite 743|Hillsboro|OR|97124|45.5387|-122.9636|92886|Health and safety inspector|2004-01-23|857987636625|young_adults_male_urban.json|9c92f3f49c14c08a5254a5cccb268d1e|2024-05-05|14:42:28|1714934548|home|9.84|0|Streich Ltd|46.352209|-123.310293
507-52-3998|4163287083172781|William|Larson|M|868 Merritt Summit Suite 743|Hillsboro|OR|97124|45.5387|-122.9636|92886|Health and safety inspector|2004-01-23|857987636625|young_adults_male_urban.json|08e5d7c99f42f68e710b62bef8fd2d62|2024-04-28|12:51:56|1714323116|health_fitness|46.06|0|Roob-Okuneva|44.702475|-123.620774
507-52-3998|4163287083172781|William|Larson|M|868 Merritt Summit Suite 743|Hillsboro|OR|97124|45.5387|-122.9636|92886|Health and safety inspector|2004-01-23|857987636625|young_adults_male_urban.json|c2e375125f66df0e93a7ccb498349a4d|2024-03-24|15:24:03|1711308243|shopping_pos|1.25|0|Hermann and Sons|44.652581|-122.962783
507-52-3998|4163287083172781|William|Larson|M|868 Merritt Summit Suite 743|Hillsboro|OR|97124|45.5387|-122.9636|92886|Health and safety inspector|2004-01-23|857987636625|young_adults_male_urban.json|116a3c699ad675b7d7974cf958316acb|2024-04-19|20:39:39|1713573579|food_dining|8.95|0|Schuppe-Schuppe|44.797761|-123.633211
507-52-3998|4163287083172781|William|Larson|M|868 Merritt Summit Suite 743|Hillsboro|OR|97124|45.5387|-122.9636|92886|Health and safety inspector|2004-01-23|857987636625|young_adults_male_urban.json|1c8df8cf0662a63b15551bc88a7095fc|2024-03-08|13:18:49|1709921929|shopping_net|6.10|0|Medhurst PLC|44.812256|-123.341997
507-52-3998|4163287083172781|William|Larson|M|868 Merritt Summit Suite 743|Hillsboro|OR|97124|45.5387|-122.9636|92886|Health and safety inspector|2004-01-23|857987636625|young_adults_male_urban.json|6020642c22c840e04d942e70174f99d0|2024-04-19|23:05:36|1713582336|food_dining|8.74|0|Weber and Sons|45.849501|-122.133847
507-52-3998|4163287083172781|William|Larson|M|868 Merritt Summit Suite 743|Hillsboro|OR|97124|45.5387|-122.9636|92886|Health and safety inspector|2004-01-23|857987636625|young_adults_male_urban.json|95772302c2812ba05b5d536d9ad866ef|2024-04-13|16:14:47|1713039287|food_dining|6.41|0|Reinger, Weissnat and Strosin|45.591494|-122.210702
507-52-3998|4163287083172781|William|Larson|M|868 Merritt Summit Suite 743|Hillsboro|OR|97124|45.5387|-122.9636|92886|Health and safety inspector|2004-01-23|857987636625|young_adults_male_urban.json|1a4f0e3abd5013e01ff6a3cff8c7c197|2024-02-23|12:02:37|1708707757|misc_net|4.49|0|Herman, Treutel and Dickens|44.800012|-123.408754
507-52-3998|4163287083172781|William|Larson|M|868 Merritt Summit Suite 743|Hillsboro|OR|97124|45.5387|-122.9636|92886|Health and safety inspector|2004-01-23|857987636625|young_adults_male_urban.json|02a38db4d5dcab38f5966bfe5f8f8dac|2024-05-25|17:59:26|1716674366|personal_care|8.66|0|Friesen-Ortiz|45.703556|-123.841829
507-52-3998|4163287083172781|William|Larson|M|868 Merritt Summit Suite 743|Hillsboro|OR|97124|45.5387|-122.9636|92886|Health and safety inspector|2004-01-23|857987636625|young_adults_male_urban.json|595564e3c58c71256a691673f6f86406|2024-03-23|19:30:37|1711236637|shopping_pos|7.91|0|Barrows PLC|45.236780|-122.391244
507-52-3998|4163287083172781|William|Larson|M|868 Merritt Summit Suite 743|Hillsboro|OR|97124|45.5387|-122.9636|92886|Health and safety inspector|2004-01-23|857987636625|young_adults_male_urban.json|ceddb09c7375ae84d7600aba62f89741|2024-04-18|17:06:11|1713474371|food_dining|4.93|0|Kutch, Steuber and Gerhold|45.805105|-123.320299
507-52-3998|4163287083172781|William|Larson|M|868 Merritt Summit Suite 743|Hillsboro|OR|97124|45.5387|-122.9636|92886|Health and safety inspector|2004-01-23|857987636625|young_adults_male_urban.json|504559c0e22403d11fcbaba44ebeba5e|2024-03-26|12:37:21|1711471041|shopping_pos|5.18|0|Kuhn LLC|45.285702|-123.290868
507-52-3998|4163287083172781|William|Larson|M|868 Merritt Summit Suite 743|Hillsboro|OR|97124|45.5387|-122.9636|92886|Health and safety inspector|2004-01-23|857987636625|young_adults_male_urban.json|9a285d29a37ede38b380fb4ada9b1420|2024-05-25|20:16:11|1716682571|personal_care|5.90|0|Berge, Kautzer and Harris|46.140906|-122.681780
507-52-3998|4163287083172781|William|Larson|M|868 Merritt Summit Suite 743|Hillsboro|OR|97124|45.5387|-122.9636|92886|Health and safety inspector|2004-01-23|857987636625|young_adults_male_urban.json|8b9018502d3e6629487af04f91ee1af1|2024-04-05|23:48:11|1712375291|entertainment|5.06|0|Morissette LLC|45.479959|-123.057286
507-52-3998|4163287083172781|William|Larson|M|868 Merritt Summit Suite 743|Hillsboro|OR|97124|45.5387|-122.9636|92886|Health and safety inspector|2004-01-23|857987636625|young_adults_male_urban.json|7325daeee64b02910fa6fff273ccb520|2024-02-18|20:09:48|1708304988|misc_net|1.69|0|Volkman Ltd|45.998492|-122.782181
507-52-3998|4163287083172781|William|Larson|M|868 Merritt Summit Suite 743|Hillsboro|OR|97124|45.5387|-122.9636|92886|Health and safety inspector|2004-01-23|857987636625|young_adults_male_urban.json|b016ab43444702e4f848a15aa68dcfa2|2024-05-28|14:37:34|1716921454|personal_care|3.40|0|Parker-Kunde|44.614835|-123.069076
507-52-3998|4163287083172781|William|Larson|M|868 Merritt Summit Suite 743|Hillsboro|OR|97124|45.5387|-122.9636|92886|Health and safety inspector|2004-01-23|857987636625|young_adults_male_urban.json|e1b649e19a7a8b9adb19210d153328fb|2024-04-03|13:24:27|1712165067|entertainment|221.29|0|Schuppe LLC|46.327719|-122.121304
507-52-3998|4163287083172781|William|Larson|M|868 Merritt Summit Suite 743|Hillsboro|OR|97124|45.5387|-122.9636|92886|Health and safety inspector|2004-01-23|857987636625|young_adults_male_urban.json|7533d874587418c8f317b7d50f30feff|2024-02-09|17:45:59|1707518759|grocery_pos|7.22|0|Kovacek, Dibbert and Ondricka|46.391772|-122.416718
507-52-3998|4163287083172781|William|Larson|M|868 Merritt Summit Suite 743|Hillsboro|OR|97124|45.5387|-122.9636|92886|Health and safety inspector|2004-01-23|857987636625|young_adults_male_urban.json|1d29bfa76a07b3c4500ff877167fc54a|2024-05-03|13:08:18|1714756098|home|8.68|0|Gutmann, McLaughlin and Wiza|45.184188|-122.171497
507-52-3998|4163287083172781|William|Larson|M|868 Merritt Summit Suite 743|Hillsboro|OR|97124|45.5387|-122.9636|92886|Health and safety inspector|2004-01-23|857987636625|young_adults_male_urban.json|5cb9c3356210db7323665012826a4818|2024-05-11|17:26:08|1715462768|kids_pets|6.35|0|Little Ltd|45.510381|-122.244172
507-52-3998|4163287083172781|William|Larson|M|868 Merritt Summit Suite 743|Hillsboro|OR|97124|45.5387|-122.9636|92886|Health and safety inspector|2004-01-23|857987636625|young_adults_male_urban.json|17ce8628329b24d0dce5af3751d28237|2024-04-02|17:30:46|1712093446|entertainment|3.63|0|Nienow PLC|45.658962|-122.464631
507-52-3998|4163287083172781|William|Larson|M|868 Merritt Summit Suite 743|Hillsboro|OR|97124|45.5387|-122.9636|92886|Health and safety inspector|2004-01-23|857987636625|young_adults_male_urban.json|e779454771810dfa302ca457e12f5be1|2024-03-09|14:22:58|1710012178|shopping_net|8.59|0|Stamm-Witting|45.992194|-122.508759
507-52-3998|4163287083172781|William|Larson|M|868 Merritt Summit Suite 743|Hillsboro|OR|97124|45.5387|-122.9636|92886|Health and safety inspector|2004-01-23|857987636625|young_adults_male_urban.json|fa51c2a7a40d74510efb8c07e521e043|2024-02-29|18:44:42|1709250282|misc_pos|1.59|0|Monahan, Bogisich and Ledner|46.038524|-123.303084
507-52-3998|4163287083172781|William|Larson|M|868 Merritt Summit Suite 743|Hillsboro|OR|97124|45.5387|-122.9636|92886|Health and safety inspector|2004-01-23|857987636625|young_adults_male_urban.json|4eda469a2e311188496d437bd5a1230e|2024-04-20|17:09:50|1713647390|food_dining|9.23|0|Hermiston, Russel and Price|44.879627|-122.077265
507-52-3998|4163287083172781|William|Larson|M|868 Merritt Summit Suite 743|Hillsboro|OR|97124|45.5387|-122.9636|92886|Health and safety inspector|2004-01-23|857987636625|young_adults_male_urban.json|306258611f835a60b5099deaf24c4b4d|2024-04-09|20:11:45|1712707905|entertainment|2.55|0|Abbott-Rogahn|46.415123|-122.474659
507-52-3998|4163287083172781|William|Larson|M|868 Merritt Summit Suite 743|Hillsboro|OR|97124|45.5387|-122.9636|92886|Health and safety inspector|2004-01-23|857987636625|young_adults_male_urban.json|040df4ed0e4b4a7a0f3eddf632defd22|2024-03-26|19:00:17|1711494017|shopping_pos|7.54|0|Bernhard, Grant and Langworth|46.197600|-123.124983
507-52-3998|4163287083172781|William|Larson|M|868 Merritt Summit Suite 743|Hillsboro|OR|97124|45.5387|-122.9636|92886|Health and safety inspector|2004-01-23|857987636625|young_adults_male_urban.json|01ef824918371a48e010a168917dc135|2024-03-10|19:28:55|1710113335|shopping_net|2.46|0|Volkman-Predovic|46.124919|-122.272196
507-52-3998|4163287083172781|William|Larson|M|868 Merritt Summit Suite 743|Hillsboro|OR|97124|45.5387|-122.9636|92886|Health and safety inspector|2004-01-23|857987636625|young_adults_male_urban.json|2db0ea643e93814e4d91c46f3105af00|2024-02-27|16:08:33|1709068113|misc_pos|4.25|0|Boehm, Block and Jakubowski|44.641457|-122.644257
507-52-3998|4163287083172781|William|Larson|M|868 Merritt Summit Suite 743|Hillsboro|OR|97124|45.5387|-122.9636|92886|Health and safety inspector|2004-01-23|857987636625|young_adults_male_urban.json|3bc80e0006106e0fad1ec3e6ca5f95d6|2024-04-05|15:17:35|1712344655|entertainment|4.46|0|Cruickshank-Mills|46.149569|-122.417883
507-52-3998|4163287083172781|William|Larson|M|868 Merritt Summit Suite 743|Hillsboro|OR|97124|45.5387|-122.9636|92886|Health and safety inspector|2004-01-23|857987636625|young_adults_male_urban.json|1b0ffb40a4a60e5aa8ff6dc9df4bd6c1|2024-04-07|14:49:56|1712515796|entertainment|8.60|0|Johns-Hoeger|46.242900|-122.259764
507-52-3998|4163287083172781|William|Larson|M|868 Merritt Summit Suite 743|Hillsboro|OR|97124|45.5387|-122.9636|92886|Health and safety inspector|2004-01-23|857987636625|young_adults_male_urban.json|68c35c591383c7b22fa69ffc3da6f106|2024-02-24|19:08:24|1708819704|misc_pos|8.51|0|McDermott-Rice|45.716677|-122.694528
507-52-3998|4163287083172781|William|Larson|M|868 Merritt Summit Suite 743|Hillsboro|OR|97124|45.5387|-122.9636|92886|Health and safety inspector|2004-01-23|857987636625|young_adults_male_urban.json|24d18e1bce4efa4fe1c87b4ff0fb071c|2024-04-06|15:15:11|1712430911|entertainment|9.59|0|Spencer PLC|44.889012|-123.416098
507-52-3998|4163287083172781|William|Larson|M|868 Merritt Summit Suite 743|Hillsboro|OR|97124|45.5387|-122.9636|92886|Health and safety inspector|2004-01-23|857987636625|young_adults_male_urban.json|0c08fa28448c054c76ca4a09fb3d66cf|2024-06-01|22:01:27|1717293687|travel|1.89|0|Corwin-Romaguera|45.910005|-122.268589
507-52-3998|4163287083172781|William|Larson|M|868 Merritt Summit Suite 743|Hillsboro|OR|97124|45.5387|-122.9636|92886|Health and safety inspector|2004-01-23|857987636625|young_adults_male_urban.json|8650e94582461fc9c1fb989332e59af4|2024-06-01|13:20:56|1717262456|travel|8.24|0|Douglas, DuBuque and McKenzie|45.394909|-122.208860
507-52-3998|4163287083172781|William|Larson|M|868 Merritt Summit Suite 743|Hillsboro|OR|97124|45.5387|-122.9636|92886|Health and safety inspector|2004-01-23|857987636625|young_adults_male_urban.json|d6ae188e8e25c3e7b03b6f22a254a01a|2024-05-01|13:38:12|1714585092|health_fitness|5.46|0|Jacobi Inc|44.956751|-122.715254
507-52-3998|4163287083172781|William|Larson|M|868 Merritt Summit Suite 743|Hillsboro|OR|97124|45.5387|-122.9636|92886|Health and safety inspector|2004-01-23|857987636625|young_adults_male_urban.json|1368cd2c15c289fae4743aeea7e1d4d2|2024-05-03|12:13:01|1714752781|home|1.59|0|Quitzon-Goyette|45.531402|-122.606313
507-52-3998|4163287083172781|William|Larson|M|868 Merritt Summit Suite 743|Hillsboro|OR|97124|45.5387|-122.9636|92886|Health and safety inspector|2004-01-23|857987636625|young_adults_male_urban.json|60377ce3b4fc592b8f000e4160a2f62e|2024-05-15|21:10:12|1715821812|kids_pets|7.68|0|Romaguera, Wehner and Tromp|45.708302|-122.092460
507-52-3998|4163287083172781|William|Larson|M|868 Merritt Summit Suite 743|Hillsboro|OR|97124|45.5387|-122.9636|92886|Health and safety inspector|2004-01-23|857987636625|young_adults_male_urban.json|cd3b91db85e9e201e43da8e549574f30|2024-04-24|13:16:02|1713978962|health_fitness|8.05|0|Hyatt, Russel and Gleichner|45.771821|-123.679182
507-52-3998|4163287083172781|William|Larson|M|868 Merritt Summit Suite 743|Hillsboro|OR|97124|45.5387|-122.9636|92886|Health and safety inspector|2004-01-23|857987636625|young_adults_male_urban.json|1ac463c46b6f02b87af5f3b1fc2e5658|2024-03-30|14:41:23|1711824083|entertainment|1.89|0|Beier LLC|46.178565|-122.634053
507-52-3998|4163287083172781|William|Larson|M|868 Merritt Summit Suite 743|Hillsboro|OR|97124|45.5387|-122.9636|92886|Health and safety inspector|2004-01-23|857987636625|young_adults_male_urban.json|25e9cccc44da4fd5fb61c6bb94dc7bf9|2024-05-13|15:13:06|1715627586|kids_pets|6.06|0|Lowe, Dietrich and Erdman|45.217538|-123.887505
507-52-3998|4163287083172781|William|Larson|M|868 Merritt Summit Suite 743|Hillsboro|OR|97124|45.5387|-122.9636|92886|Health and safety inspector|2004-01-23|857987636625|young_adults_male_urban.json|4a274bacde922f40a04f1520f91a7736|2024-05-05|20:20:03|1714954803|home|5.99|0|Quitzon-Goyette|44.540543|-122.843059
507-52-3998|4163287083172781|William|Larson|M|868 Merritt Summit Suite 743|Hillsboro|OR|97124|45.5387|-122.9636|92886|Health and safety inspector|2004-01-23|857987636625|young_adults_male_urban.json|9ed492b016ab00772a737db66caf1388|2024-06-01|21:12:09|1717290729|travel|5.23|0|Ankunding-Carroll|46.057916|-123.278623
507-52-3998|4163287083172781|William|Larson|M|868 Merritt Summit Suite 743|Hillsboro|OR|97124|45.5387|-122.9636|92886|Health and safety inspector|2004-01-23|857987636625|young_adults_male_urban.json|6f15c76703e9bdb8918d1c43d0552727|2024-04-03|19:49:34|1712188174|entertainment|790.31|0|Welch, Rath and Koepp|45.967697|-122.080910
507-52-3998|4163287083172781|William|Larson|M|868 Merritt Summit Suite 743|Hillsboro|OR|97124|45.5387|-122.9636|92886|Health and safety inspector|2004-01-23|857987636625|young_adults_male_urban.json|40dad346aac083d8a35fe7b55322e421|2024-03-29|18:07:38|1711750058|shopping_pos|3.53|0|Willms, Kris and Bergnaum|45.104437|-123.133899
507-52-3998|4163287083172781|William|Larson|M|868 Merritt Summit Suite 743|Hillsboro|OR|97124|45.5387|-122.9636|92886|Health and safety inspector|2004-01-23|857987636625|young_adults_male_urban.json|45071ce6d22ef146ea22e193014be883|2024-05-21|16:31:46|1716323506|kids_pets|21.94|0|Pacocha-Weissnat|46.018291|-123.024029
507-52-3998|4163287083172781|William|Larson|M|868 Merritt Summit Suite 743|Hillsboro|OR|97124|45.5387|-122.9636|92886|Health and safety inspector|2004-01-23|857987636625|young_adults_male_urban.json|9dd763ddc5ed133d1ed7cf7aa097d85a|2024-05-28|16:38:52|1716928732|personal_care|5.76|0|Schoen, Nienow and Bauch|45.179027|-122.289287
507-52-3998|4163287083172781|William|Larson|M|868 Merritt Summit Suite 743|Hillsboro|OR|97124|45.5387|-122.9636|92886|Health and safety inspector|2004-01-23|857987636625|young_adults_male_urban.json|e0d7bd70f304856fe99672d30b2d4468|2024-04-05|14:32:15|1712341935|entertainment|9.85|0|Goldner-Lemke|45.625416|-123.825219
507-52-3998|4163287083172781|William|Larson|M|868 Merritt Summit Suite 743|Hillsboro|OR|97124|45.5387|-122.9636|92886|Health and safety inspector|2004-01-23|857987636625|young_adults_male_urban.json|9ca1c39781a6b1cf43f5114f4fdf3745|2024-02-17|21:12:04|1708222324|misc_net|5.73|0|Brown PLC|46.525081|-122.612170
507-52-3998|4163287083172781|William|Larson|M|868 Merritt Summit Suite 743|Hillsboro|OR|97124|45.5387|-122.9636|92886|Health and safety inspector|2004-01-23|857987636625|young_adults_male_urban.json|a98223a15e53ba3093036ad590355da0|2024-03-29|19:26:36|1711754796|shopping_pos|1.06|0|Macejkovic-Lesch|45.755244|-122.999451
507-52-3998|4163287083172781|William|Larson|M|868 Merritt Summit Suite 743|Hillsboro|OR|97124|45.5387|-122.9636|92886|Health and safety inspector|2004-01-23|857987636625|young_adults_male_urban.json|38c54afb24f9db5c5dca24b7f6232d84|2024-02-22|23:25:36|1708662336|misc_net|5.77|0|Kuphal-Bartoletti|45.949566|-123.296181
507-52-3998|4163287083172781|William|Larson|M|868 Merritt Summit Suite 743|Hillsboro|OR|97124|45.5387|-122.9636|92886|Health and safety inspector|2004-01-23|857987636625|young_adults_male_urban.json|a511889f8cd6c80624998e797579f61e|2024-03-23|22:44:03|1711248243|shopping_pos|1.03|0|Swaniawski, Lowe and Robel|45.768754|-123.129139
507-52-3998|4163287083172781|William|Larson|M|868 Merritt Summit Suite 743|Hillsboro|OR|97124|45.5387|-122.9636|92886|Health and safety inspector|2004-01-23|857987636625|young_adults_male_urban.json|f62781bd9733b527ff340d570bbd000e|2024-04-06|14:02:35|1712426555|entertainment|1.48|0|Dibbert and Sons|45.163286|-122.517568
507-52-3998|4163287083172781|William|Larson|M|868 Merritt Summit Suite 743|Hillsboro|OR|97124|45.5387|-122.9636|92886|Health and safety inspector|2004-01-23|857987636625|young_adults_male_urban.json|6bde91ab5682be313183a27da44a4d3f|2024-03-01|13:18:41|1709317121|misc_pos|8.91|0|Terry, Johns and Bins|46.034374|-123.920069
507-52-3998|4163287083172781|William|Larson|M|868 Merritt Summit Suite 743|Hillsboro|OR|97124|45.5387|-122.9636|92886|Health and safety inspector|2004-01-23|857987636625|young_adults_male_urban.json|c074cde03af637b62ec349168f0c97ee|2024-05-04|16:06:28|1714853188|home|9.37|0|Padberg-Sauer|44.657802|-123.255266
507-52-3998|4163287083172781|William|Larson|M|868 Merritt Summit Suite 743|Hillsboro|OR|97124|45.5387|-122.9636|92886|Health and safety inspector|2004-01-23|857987636625|young_adults_male_urban.json|ad363c1ebc23031ffd58f40b21b66f59|2024-03-08|16:37:08|1709933828|shopping_net|4.97|0|Predovic Inc|44.583544|-122.382393
507-52-3998|4163287083172781|William|Larson|M|868 Merritt Summit Suite 743|Hillsboro|OR|97124|45.5387|-122.9636|92886|Health and safety inspector|2004-01-23|857987636625|young_adults_male_urban.json|31da3349ecc34af8b801a286d643cf45|2024-05-12|23:04:35|1715569475|kids_pets|69.83|0|Breitenberg-Hermiston|44.947686|-122.193312
507-52-3998|4163287083172781|William|Larson|M|868 Merritt Summit Suite 743|Hillsboro|OR|97124|45.5387|-122.9636|92886|Health and safety inspector|2004-01-23|857987636625|young_adults_male_urban.json|219133ab12233d7163c59886fb509ccf|2024-05-27|21:46:23|1716860783|personal_care|1.06|0|Kihn, Brakus and Goyette|44.691159|-122.909180
507-52-3998|4163287083172781|William|Larson|M|868 Merritt Summit Suite 743|Hillsboro|OR|97124|45.5387|-122.9636|92886|Health and safety inspector|2004-01-23|857987636625|young_adults_male_urban.json|e9ecb18985169ad0549894fdfeab5672|2024-03-23|14:02:52|1711216972|shopping_pos|6.75|0|Hudson-Grady|45.535060|-122.971547
507-52-3998|4163287083172781|William|Larson|M|868 Merritt Summit Suite 743|Hillsboro|OR|97124|45.5387|-122.9636|92886|Health and safety inspector|2004-01-23|857987636625|young_adults_male_urban.json|475ee74db8d5ef67f4d5810e531622dc|2024-04-13|20:10:43|1713053443|food_dining|2.92|0|Langosh, Wintheiser and Hyatt|45.436347|-122.921041
507-52-3998|4163287083172781|William|Larson|M|868 Merritt Summit Suite 743|Hillsboro|OR|97124|45.5387|-122.9636|92886|Health and safety inspector|2004-01-23|857987636625|young_adults_male_urban.json|8a7fb55f57bdcc7513d739df26ca337d|2024-03-21|23:06:41|1711076801|shopping_pos|9.71|0|Metz-Boehm|45.840114|-122.159732
507-52-3998|4163287083172781|William|Larson|M|868 Merritt Summit Suite 743|Hillsboro|OR|97124|45.5387|-122.9636|92886|Health and safety inspector|2004-01-23|857987636625|young_adults_male_urban.json|2ed151b6974a48ce1ce9272226dab22e|2024-04-21|19:59:05|1713743945|food_dining|5.24|0|O'Hara-Wilderman|46.531900|-122.177397
507-52-3998|4163287083172781|William|Larson|M|868 Merritt Summit Suite 743|Hillsboro|OR|97124|45.5387|-122.9636|92886|Health and safety inspector|2004-01-23|857987636625|young_adults_male_urban.json|6baaddd16bc3d115ef618306b032bb58|2024-04-24|15:28:32|1713986912|health_fitness|1.20|0|Ledner, Hartmann and Feest|44.915888|-123.526576
507-52-3998|4163287083172781|William|Larson|M|868 Merritt Summit Suite 743|Hillsboro|OR|97124|45.5387|-122.9636|92886|Health and safety inspector|2004-01-23|857987636625|young_adults_male_urban.json|bbfa3207728d3b44b60ef8c3d7232e79|2024-05-08|16:54:08|1715201648|home|8.20|0|Gaylord-Powlowski|45.553878|-123.389889
507-52-3998|4163287083172781|William|Larson|M|868 Merritt Summit Suite 743|Hillsboro|OR|97124|45.5387|-122.9636|92886|Health and safety inspector|2004-01-23|857987636625|young_adults_male_urban.json|b2037b335722382ebefa1a4200d6d8cf|2024-04-10|17:59:20|1712786360|entertainment|1.68|0|Frami Group|45.962497|-122.737658
507-52-3998|4163287083172781|William|Larson|M|868 Merritt Summit Suite 743|Hillsboro|OR|97124|45.5387|-122.9636|92886|Health and safety inspector|2004-01-23|857987636625|young_adults_male_urban.json|7e8380ea09500822dece2959a11e6b12|2024-05-23|20:50:11|1716511811|personal_care|9.71|0|Bins-Howell|45.500626|-122.354703
507-52-3998|4163287083172781|William|Larson|M|868 Merritt Summit Suite 743|Hillsboro|OR|97124|45.5387|-122.9636|92886|Health and safety inspector|2004-01-23|857987636625|young_adults_male_urban.json|b8260c6729c376337094679b2fbcb2a4|2024-03-16|20:01:38|1710633698|shopping_net|1.13|0|Towne, Greenholt and Koepp|46.149500|-123.867061
507-52-3998|4163287083172781|William|Larson|M|868 Merritt Summit Suite 743|Hillsboro|OR|97124|45.5387|-122.9636|92886|Health and safety inspector|2004-01-23|857987636625|young_adults_male_urban.json|3c8b42ef314f918a1035b0bac4da6cc0|2024-04-06|19:12:23|1712445143|entertainment|3.10|0|Schroeder, Hauck and Treutel|45.029118|-121.992769
507-52-3998|4163287083172781|William|Larson|M|868 Merritt Summit Suite 743|Hillsboro|OR|97124|45.5387|-122.9636|92886|Health and safety inspector|2004-01-23|857987636625|young_adults_male_urban.json|c80cc4bc4be1d586735ae6460c5e799c|2024-03-06|13:26:29|1709749589|shopping_net|5.35|0|Ankunding LLC|46.014670|-122.608850
507-52-3998|4163287083172781|William|Larson|M|868 Merritt Summit Suite 743|Hillsboro|OR|97124|45.5387|-122.9636|92886|Health and safety inspector|2004-01-23|857987636625|young_adults_male_urban.json|61ab0ed9b231ac9740bdd984c32fed06|2024-04-10|12:43:39|1712767419|entertainment|946.40|0|Fadel, Mertz and Rippin|44.661011|-122.333196
507-52-3998|4163287083172781|William|Larson|M|868 Merritt Summit Suite 743|Hillsboro|OR|97124|45.5387|-122.9636|92886|Health and safety inspector|2004-01-23|857987636625|young_adults_male_urban.json|0bed67c4520b8026585ddff0047a7b84|2024-03-10|19:57:49|1710115069|shopping_net|8.56|0|Stamm-Witting|45.122451|-123.789926
507-52-3998|4163287083172781|William|Larson|M|868 Merritt Summit Suite 743|Hillsboro|OR|97124|45.5387|-122.9636|92886|Health and safety inspector|2004-01-23|857987636625|young_adults_male_urban.json|86b2d3e71f164d825192cd3a9aa7d292|2024-04-19|21:18:52|1713575932|food_dining|1.97|0|Turner, Ziemann and Lehner|45.838910|-123.463998
507-52-3998|4163287083172781|William|Larson|M|868 Merritt Summit Suite 743|Hillsboro|OR|97124|45.5387|-122.9636|92886|Health and safety inspector|2004-01-23|857987636625|young_adults_male_urban.json|c1b06b007cce6dac4083cdea3ec4e649|2024-05-09|16:45:27|1715287527|home|83.95|0|Windler, Goodwin and Kovacek|45.844083|-122.233562
507-52-3998|4163287083172781|William|Larson|M|868 Merritt Summit Suite 743|Hillsboro|OR|97124|45.5387|-122.9636|92886|Health and safety inspector|2004-01-23|857987636625|young_adults_male_urban.json|0a668d6bfc0ed7729fea59027b0dd19d|2024-02-09|13:48:50|1707504530|grocery_pos|7.04|0|Wolf Inc|44.647143|-123.602131
507-52-3998|4163287083172781|William|Larson|M|868 Merritt Summit Suite 743|Hillsboro|OR|97124|45.5387|-122.9636|92886|Health and safety inspector|2004-01-23|857987636625|young_adults_male_urban.json|de37ed85f6b3efec90f0942286f1358c|2024-04-27|19:23:15|1714260195|health_fitness|6.86|0|Jacobi Inc|44.570486|-122.753817
507-52-3998|4163287083172781|William|Larson|M|868 Merritt Summit Suite 743|Hillsboro|OR|97124|45.5387|-122.9636|92886|Health and safety inspector|2004-01-23|857987636625|young_adults_male_urban.json|abafd588f3591f003689e33adb5fffee|2024-05-23|16:43:17|1716496997|personal_care|2.57|0|Kihn, Brakus and Goyette|44.937133|-123.518564
507-52-3998|4163287083172781|William|Larson|M|868 Merritt Summit Suite 743|Hillsboro|OR|97124|45.5387|-122.9636|92886|Health and safety inspector|2004-01-23|857987636625|young_adults_male_urban.json|99674c686a66ece7f50e5b4b5bea18b0|2024-04-07|12:29:42|1712507382|entertainment|6.68|0|Schaefer, Fay and Hilll|46.359888|-122.883025
507-52-3998|4163287083172781|William|Larson|M|868 Merritt Summit Suite 743|Hillsboro|OR|97124|45.5387|-122.9636|92886|Health and safety inspector|2004-01-23|857987636625|young_adults_male_urban.json|21318218317c429587cfe2966aa4a909|2024-05-30|14:46:30|1717094790|travel|2.60|0|Little-Gleichner|46.001022|-122.595293
507-52-3998|4163287083172781|William|Larson|M|868 Merritt Summit Suite 743|Hillsboro|OR|97124|45.5387|-122.9636|92886|Health and safety inspector|2004-01-23|857987636625|young_adults_male_urban.json|436ba349fda09eb39bc99b3ac945c9b1|2024-03-20|15:13:46|1710962026|shopping_pos|1.73|0|Pagac LLC|44.672328|-122.802896
507-52-3998|4163287083172781|William|Larson|M|868 Merritt Summit Suite 743|Hillsboro|OR|97124|45.5387|-122.9636|92886|Health and safety inspector|2004-01-23|857987636625|young_adults_male_urban.json|28e4c4629b97a3035e1c3c196483cb62|2024-03-06|15:54:14|1709758454|shopping_net|1.71|0|Streich, Dietrich and Barton|46.398299|-122.992554
507-52-3998|4163287083172781|William|Larson|M|868 Merritt Summit Suite 743|Hillsboro|OR|97124|45.5387|-122.9636|92886|Health and safety inspector|2004-01-23|857987636625|young_adults_male_urban.json|cf2d1bb6c97ff831bba8bea5746ea2f3|2024-04-27|21:40:45|1714268445|health_fitness|3.95|0|Haley, Batz and Auer|46.491582|-122.099997
507-52-3998|4163287083172781|William|Larson|M|868 Merritt Summit Suite 743|Hillsboro|OR|97124|45.5387|-122.9636|92886|Health and safety inspector|2004-01-23|857987636625|young_adults_male_urban.json|9aec8cda4f109e7e363181a9498e378d|2024-02-15|16:11:13|1708031473|misc_net|7.14|0|Lehner, Mosciski and King|45.536041|-123.048230
507-52-3998|4163287083172781|William|Larson|M|868 Merritt Summit Suite 743|Hillsboro|OR|97124|45.5387|-122.9636|92886|Health and safety inspector|2004-01-23|857987636625|young_adults_male_urban.json|272329981ab41c434cff2e02b1b3327e|2024-05-29|23:49:32|1717040972|personal_care|559.44|0|Wilkinson LLC|45.466255|-123.483264
507-52-3998|4163287083172781|William|Larson|M|868 Merritt Summit Suite 743|Hillsboro|OR|97124|45.5387|-122.9636|92886|Health and safety inspector|2004-01-23|857987636625|young_adults_male_urban.json|a6da18f02c464a4da0721d2198342704|2024-04-14|20:01:08|1713139268|food_dining|2.78|0|Jakubowski Group|45.370776|-122.433111
507-52-3998|4163287083172781|William|Larson|M|868 Merritt Summit Suite 743|Hillsboro|OR|97124|45.5387|-122.9636|92886|Health and safety inspector|2004-01-23|857987636625|young_adults_male_urban.json|3500dab406bfd91bc98dd1e8f51965f9|2024-05-15|22:11:38|1715825498|kids_pets|9.04|0|Crona and Sons|45.450981|-123.341296
507-52-3998|4163287083172781|William|Larson|M|868 Merritt Summit Suite 743|Hillsboro|OR|97124|45.5387|-122.9636|92886|Health and safety inspector|2004-01-23|857987636625|young_adults_male_urban.json|1da24d6b437c4638c26a7c6710cfe1d6|2024-03-20|18:43:15|1710974595|shopping_pos|58.37|0|Hudson-Grady|45.235888|-123.301952
507-52-3998|4163287083172781|William|Larson|M|868 Merritt Summit Suite 743|Hillsboro|OR|97124|45.5387|-122.9636|92886|Health and safety inspector|2004-01-23|857987636625|young_adults_male_urban.json|f3a25d36d693858a222904533d9e2ecc|2024-04-05|16:06:30|1712347590|entertainment|4.65|0|Upton PLC|46.309950|-123.547545
507-52-3998|4163287083172781|William|Larson|M|868 Merritt Summit Suite 743|Hillsboro|OR|97124|45.5387|-122.9636|92886|Health and safety inspector|2004-01-23|857987636625|young_adults_male_urban.json|99aa965af07a643b67aa8e82073bc176|2024-04-20|23:03:22|1713668602|food_dining|6.39|0|Conroy-Emard|46.337729|-122.955071
507-52-3998|4163287083172781|William|Larson|M|868 Merritt Summit Suite 743|Hillsboro|OR|97124|45.5387|-122.9636|92886|Health and safety inspector|2004-01-23|857987636625|young_adults_male_urban.json|aee0c446b846d96b395bb60a6e04ba60|2024-04-28|22:08:59|1714356539|health_fitness|7.06|0|Brown, Homenick and Lesch|45.765461|-122.351755
507-52-3998|4163287083172781|William|Larson|M|868 Merritt Summit Suite 743|Hillsboro|OR|97124|45.5387|-122.9636|92886|Health and safety inspector|2004-01-23|857987636625|young_adults_male_urban.json|c737763d365c0fdb68d31ae3095f1ac4|2024-02-16|18:33:39|1708126419|misc_net|1.43|0|Donnelly PLC|45.930320|-123.559515
507-52-3998|4163287083172781|William|Larson|M|868 Merritt Summit Suite 743|Hillsboro|OR|97124|45.5387|-122.9636|92886|Health and safety inspector|2004-01-23|857987636625|young_adults_male_urban.json|12d7294792697a8a9c2863f8bd20152d|2024-05-24|13:23:41|1716571421|personal_care|8.20|0|Zulauf LLC|46.081736|-122.519766
507-52-3998|4163287083172781|William|Larson|M|868 Merritt Summit Suite 743|Hillsboro|OR|97124|45.5387|-122.9636|92886|Health and safety inspector|2004-01-23|857987636625|young_adults_male_urban.json|e150db40d91f60552149ddd6eb09e417|2024-05-08|18:03:38|1715205818|home|9.68|0|Wuckert-Goldner|44.754457|-123.862556
507-52-3998|4163287083172781|William|Larson|M|868 Merritt Summit Suite 743|Hillsboro|OR|97124|45.5387|-122.9636|92886|Health and safety inspector|2004-01-23|857987636625|young_adults_male_urban.json|18b181d3222e9d7ba4a7fbad254df9e3|2024-05-13|17:59:06|1715637546|kids_pets|258.36|0|Pacocha-Weissnat|45.302337|-123.554962
507-52-3998|4163287083172781|William|Larson|M|868 Merritt Summit Suite 743|Hillsboro|OR|97124|45.5387|-122.9636|92886|Health and safety inspector|2004-01-23|857987636625|young_adults_male_urban.json|bc735890d34d998cbe3fb53c57139f2b|2024-05-11|19:47:46|1715471266|kids_pets|8.90|0|Schimmel-Olson|45.168968|-123.552753
507-52-3998|4163287083172781|William|Larson|M|868 Merritt Summit Suite 743|Hillsboro|OR|97124|45.5387|-122.9636|92886|Health and safety inspector|2004-01-23|857987636625|young_adults_male_urban.json|81b52045f48cc7caea776f55b3bdfa04|2024-02-13|18:06:55|1707865615|misc_net|7.81|0|Hayes, Marquardt and Dibbert|46.183871|-122.888888
507-52-3998|4163287083172781|William|Larson|M|868 Merritt Summit Suite 743|Hillsboro|OR|97124|45.5387|-122.9636|92886|Health and safety inspector|2004-01-23|857987636625|young_adults_male_urban.json|d54d3b77ff8895454927b4d2127e15dd|2024-02-17|14:24:02|1708197842|misc_net|7.38|0|Klocko LLC|46.001867|-123.693012
507-52-3998|4163287083172781|William|Larson|M|868 Merritt Summit Suite 743|Hillsboro|OR|97124|45.5387|-122.9636|92886|Health and safety inspector|2004-01-23|857987636625|young_adults_male_urban.json|b76556111dcf783c96eff97f04c76c5d|2024-03-31|20:00:38|1711929638|entertainment|6.44|0|Parker, Nolan and Trantow|45.920995|-123.586415
507-52-3998|4163287083172781|William|Larson|M|868 Merritt Summit Suite 743|Hillsboro|OR|97124|45.5387|-122.9636|92886|Health and safety inspector|2004-01-23|857987636625|young_adults_male_urban.json|16d741e82476d8ae2bceb8881f6a7051|2024-03-09|19:28:28|1710030508|shopping_net|476.92|0|Labadie, Treutel and Bode|46.431093|-123.799110
507-52-3998|4163287083172781|William|Larson|M|868 Merritt Summit Suite 743|Hillsboro|OR|97124|45.5387|-122.9636|92886|Health and safety inspector|2004-01-23|857987636625|young_adults_male_urban.json|9f6ba2a173f4646a8ccf1bef27993939|2024-05-31|13:57:04|1717178224|travel|1.84|0|Kovacek Ltd|45.269147|-122.473186
507-52-3998|4163287083172781|William|Larson|M|868 Merritt Summit Suite 743|Hillsboro|OR|97124|45.5387|-122.9636|92886|Health and safety inspector|2004-01-23|857987636625|young_adults_male_urban.json|e60c8f1037df32457924ffb71f782db1|2024-04-23|18:23:49|1713911029|health_fitness|9.87|0|Feil-Morar|44.678366|-122.015991
507-52-3998|4163287083172781|William|Larson|M|868 Merritt Summit Suite 743|Hillsboro|OR|97124|45.5387|-122.9636|92886|Health and safety inspector|2004-01-23|857987636625|young_adults_male_urban.json|66fd72ec47c5d381338b126677cc2590|2024-05-08|23:17:56|1715224676|home|2.74|0|Prosacco, Kreiger and Kovacek|45.578743|-123.290878
507-52-3998|4163287083172781|William|Larson|M|868 Merritt Summit Suite 743|Hillsboro|OR|97124|45.5387|-122.9636|92886|Health and safety inspector|2004-01-23|857987636625|young_adults_male_urban.json|14edde51b1316a6e17f6acf38abd891c|2024-03-26|18:53:48|1711493628|shopping_pos|21.66|0|Denesik and Sons|46.109632|-123.034580
507-52-3998|4163287083172781|William|Larson|M|868 Merritt Summit Suite 743|Hillsboro|OR|97124|45.5387|-122.9636|92886|Health and safety inspector|2004-01-23|857987636625|young_adults_male_urban.json|bb4d5ce2bb3b26ce9b609464666d66a2|2024-02-20|14:27:31|1708457251|misc_net|179.02|0|Brown PLC|44.825212|-123.462802
507-52-3998|4163287083172781|William|Larson|M|868 Merritt Summit Suite 743|Hillsboro|OR|97124|45.5387|-122.9636|92886|Health and safety inspector|2004-01-23|857987636625|young_adults_male_urban.json|1fa97acb9e186b2c7a66ceedb7f93971|2024-03-31|14:46:30|1711910790|entertainment|137.94|0|Heaney-Marquardt|45.403029|-122.363039
507-52-3998|4163287083172781|William|Larson|M|868 Merritt Summit Suite 743|Hillsboro|OR|97124|45.5387|-122.9636|92886|Health and safety inspector|2004-01-23|857987636625|young_adults_male_urban.json|81bfe9f67a892a4fe2be77388ac65c0a|2024-02-11|21:43:46|1707705826|grocery_pos|36.79|0|Schumm, Bauch and Ondricka|45.383872|-123.192586
507-52-3998|4163287083172781|William|Larson|M|868 Merritt Summit Suite 743|Hillsboro|OR|97124|45.5387|-122.9636|92886|Health and safety inspector|2004-01-23|857987636625|young_adults_male_urban.json|e8ff06d1b5c33bde0c8a7b34425559f8|2024-03-25|19:05:25|1711407925|shopping_pos|27.83|0|Friesen Inc|45.101582|-123.751353
507-52-3998|4163287083172781|William|Larson|M|868 Merritt Summit Suite 743|Hillsboro|OR|97124|45.5387|-122.9636|92886|Health and safety inspector|2004-01-23|857987636625|young_adults_male_urban.json|a3cb2963838dddf01295ae5886fc662f|2024-05-04|12:22:57|1714839777|home|66.73|0|Bahringer, Bergnaum and Quitzon|45.803184|-123.717008
507-52-3998|4163287083172781|William|Larson|M|868 Merritt Summit Suite 743|Hillsboro|OR|97124|45.5387|-122.9636|92886|Health and safety inspector|2004-01-23|857987636625|young_adults_male_urban.json|583f9199034a8544ea5232830ab6050e|2024-04-28|17:34:52|1714340092|health_fitness|53.77|0|Conroy, Balistreri and Gorczany|46.188498|-123.352181
507-52-3998|4163287083172781|William|Larson|M|868 Merritt Summit Suite 743|Hillsboro|OR|97124|45.5387|-122.9636|92886|Health and safety inspector|2004-01-23|857987636625|young_adults_male_urban.json|c60edff80b9ee4426f14c40896902f1f|2024-03-10|12:37:28|1710088648|shopping_net|15.45|0|Schumm PLC|45.552790|-123.089641
507-52-3998|4163287083172781|William|Larson|M|868 Merritt Summit Suite 743|Hillsboro|OR|97124|45.5387|-122.9636|92886|Health and safety inspector|2004-01-23|857987636625|young_adults_male_urban.json|207a17453272aeaa3f7f1acd0af0548a|2024-04-21|23:47:12|1713757632|food_dining|145.44|0|Jast and Sons|44.753425|-122.091078
507-52-3998|4163287083172781|William|Larson|M|868 Merritt Summit Suite 743|Hillsboro|OR|97124|45.5387|-122.9636|92886|Health and safety inspector|2004-01-23|857987636625|young_adults_male_urban.json|5e627905f51f17cb58df44ee32b317dc|2024-05-25|21:31:16|1716687076|personal_care|91.36|0|Leffler-Goldner|46.495860|-122.045233
507-52-3998|4163287083172781|William|Larson|M|868 Merritt Summit Suite 743|Hillsboro|OR|97124|45.5387|-122.9636|92886|Health and safety inspector|2004-01-23|857987636625|young_adults_male_urban.json|1dcf546415158d63ae300af96d570ea4|2024-05-08|15:17:20|1715195840|home|51.41|0|Padberg-Sauer|45.663674|-123.474233
507-52-3998|4163287083172781|William|Larson|M|868 Merritt Summit Suite 743|Hillsboro|OR|97124|45.5387|-122.9636|92886|Health and safety inspector|2004-01-23|857987636625|young_adults_male_urban.json|6eb8ba6bf90c1fcec6d7d43517e4fe3c|2024-02-29|14:08:40|1709233720|misc_pos|1.33|0|McGlynn-Jaskolski|46.516191|-122.641795
507-52-3998|4163287083172781|William|Larson|M|868 Merritt Summit Suite 743|Hillsboro|OR|97124|45.5387|-122.9636|92886|Health and safety inspector|2004-01-23|857987636625|young_adults_male_urban.json|a1607282c2e099033581b51ceaed5f06|2024-02-22|15:33:01|1708633981|misc_net|29.92|0|Ferry, Lynch and Kautzer|45.445032|-122.206099
507-52-3998|4163287083172781|William|Larson|M|868 Merritt Summit Suite 743|Hillsboro|OR|97124|45.5387|-122.9636|92886|Health and safety inspector|2004-01-23|857987636625|young_adults_male_urban.json|ad56cd5162c3609a4f61aa4aa24465c2|2024-05-23|17:14:34|1716498874|personal_care|70.79|0|Crooks and Sons|46.321655|-123.056377
507-52-3998|4163287083172781|William|Larson|M|868 Merritt Summit Suite 743|Hillsboro|OR|97124|45.5387|-122.9636|92886|Health and safety inspector|2004-01-23|857987636625|young_adults_male_urban.json|4f35b8e4dd5ccea0088603b3e8d4dc92|2024-02-18|13:51:27|1708282287|misc_net|41.14|0|Rodriguez, Yost and Jenkins|44.647764|-122.797335
507-52-3998|4163287083172781|William|Larson|M|868 Merritt Summit Suite 743|Hillsboro|OR|97124|45.5387|-122.9636|92886|Health and safety inspector|2004-01-23|857987636625|young_adults_male_urban.json|4f946f3af22311a1d89f70bfff8b99b4|2024-04-06|14:29:07|1712428147|entertainment|11.81|0|Larson-Moen|44.646060|-122.830029
507-52-3998|4163287083172781|William|Larson|M|868 Merritt Summit Suite 743|Hillsboro|OR|97124|45.5387|-122.9636|92886|Health and safety inspector|2004-01-23|857987636625|young_adults_male_urban.json|70b9c0eb26bd231d1b1c068cfaa2c4b4|2024-05-11|16:48:50|1715460530|kids_pets|5.85|0|Windler LLC|46.188806|-122.127147
507-52-3998|4163287083172781|William|Larson|M|868 Merritt Summit Suite 743|Hillsboro|OR|97124|45.5387|-122.9636|92886|Health and safety inspector|2004-01-23|857987636625|young_adults_male_urban.json|d2b831d6de7354da24883968f363b9b7|2024-05-16|23:12:06|1715915526|kids_pets|2.26|0|Crona and Sons|45.228453|-122.630207
507-52-3998|4163287083172781|William|Larson|M|868 Merritt Summit Suite 743|Hillsboro|OR|97124|45.5387|-122.9636|92886|Health and safety inspector|2004-01-23|857987636625|young_adults_male_urban.json|922b9f9d12523aaa038d83fd240149f4|2024-03-10|12:41:00|1710088860|shopping_net|78.75|0|Medhurst PLC|44.854066|-122.482546
507-52-3998|4163287083172781|William|Larson|M|868 Merritt Summit Suite 743|Hillsboro|OR|97124|45.5387|-122.9636|92886|Health and safety inspector|2004-01-23|857987636625|young_adults_male_urban.json|a668d67637d3b37f0694778666ac3c64|2024-05-03|22:49:15|1714790955|home|24.85|0|Prosacco, Kreiger and Kovacek|46.088667|-123.241151
507-52-3998|4163287083172781|William|Larson|M|868 Merritt Summit Suite 743|Hillsboro|OR|97124|45.5387|-122.9636|92886|Health and safety inspector|2004-01-23|857987636625|young_adults_male_urban.json|79af0a10dddd6959d317a283c10ade4b|2024-05-16|23:28:30|1715916510|kids_pets|46.50|0|Hoppe-Parisian|45.778708|-123.055699
507-52-3998|4163287083172781|William|Larson|M|868 Merritt Summit Suite 743|Hillsboro|OR|97124|45.5387|-122.9636|92886|Health and safety inspector|2004-01-23|857987636625|young_adults_male_urban.json|cca97ecbda6df5f8ee1ef45122ba1830|2024-03-06|12:57:43|1709747863|shopping_net|18.08|0|Volkman-Predovic|46.075521|-123.641984
507-52-3998|4163287083172781|William|Larson|M|868 Merritt Summit Suite 743|Hillsboro|OR|97124|45.5387|-122.9636|92886|Health and safety inspector|2004-01-23|857987636625|young_adults_male_urban.json|58adcbce9d283cd75764c2646cd2105c|2024-05-08|18:43:06|1715208186|home|4.01|0|Witting, Beer and Ernser|45.631096|-122.889574
507-52-3998|4163287083172781|William|Larson|M|868 Merritt Summit Suite 743|Hillsboro|OR|97124|45.5387|-122.9636|92886|Health and safety inspector|2004-01-23|857987636625|young_adults_male_urban.json|787b9437f9b9ef7e6eb0ca7879860ea0|2024-05-10|16:27:55|1715372875|kids_pets|3.14|0|Hauck, Dietrich and Funk|45.600144|-122.430579
507-52-3998|4163287083172781|William|Larson|M|868 Merritt Summit Suite 743|Hillsboro|OR|97124|45.5387|-122.9636|92886|Health and safety inspector|2004-01-23|857987636625|young_adults_male_urban.json|10a84bf478c8ff9c8dbcb5569834e6e3|2024-05-16|15:08:24|1715886504|kids_pets|71.76|0|Daugherty LLC|45.743872|-123.794335
507-52-3998|4163287083172781|William|Larson|M|868 Merritt Summit Suite 743|Hillsboro|OR|97124|45.5387|-122.9636|92886|Health and safety inspector|2004-01-23|857987636625|young_adults_male_urban.json|5288d2dc72220e379e1a2c98ecdd7d2f|2024-05-26|18:15:58|1716761758|personal_care|29.39|0|Kirlin and Sons|45.878494|-122.309102
507-52-3998|4163287083172781|William|Larson|M|868 Merritt Summit Suite 743|Hillsboro|OR|97124|45.5387|-122.9636|92886|Health and safety inspector|2004-01-23|857987636625|young_adults_male_urban.json|17a878f357ed48a2a05c19d47e10ee6f|2024-03-15|21:19:07|1710551947|shopping_net|55.23|0|Lemke-Gutmann|45.717638|-122.041875
507-52-3998|4163287083172781|William|Larson|M|868 Merritt Summit Suite 743|Hillsboro|OR|97124|45.5387|-122.9636|92886|Health and safety inspector|2004-01-23|857987636625|young_adults_male_urban.json|464b012694641e73915e9ca51a17255a|2024-02-17|14:07:35|1708196855|misc_net|167.46|0|Welch Inc|46.199003|-123.247127
507-52-3998|4163287083172781|William|Larson|M|868 Merritt Summit Suite 743|Hillsboro|OR|97124|45.5387|-122.9636|92886|Health and safety inspector|2004-01-23|857987636625|young_adults_male_urban.json|e58835a508b743e8b0aca29cc0a4afd8|2024-03-23|19:49:41|1711237781|shopping_pos|30.28|0|Bins, Balistreri and Beatty|44.703800|-122.606203
507-52-3998|4163287083172781|William|Larson|M|868 Merritt Summit Suite 743|Hillsboro|OR|97124|45.5387|-122.9636|92886|Health and safety inspector|2004-01-23|857987636625|young_adults_male_urban.json|f2cbcc1c3c40d0ada36cb865fc410cc6|2024-03-08|13:29:00|1709922540|shopping_net|46.03|0|Bashirian Group|45.206327|-122.798845
507-52-3998|4163287083172781|William|Larson|M|868 Merritt Summit Suite 743|Hillsboro|OR|97124|45.5387|-122.9636|92886|Health and safety inspector|2004-01-23|857987636625|young_adults_male_urban.json|7bbe1e8fb9f2f731ebb53052cb34da7c|2024-05-25|20:12:56|1716682376|personal_care|6.28|0|Kihn, Brakus and Goyette|46.036980|-122.562818
507-52-3998|4163287083172781|William|Larson|M|868 Merritt Summit Suite 743|Hillsboro|OR|97124|45.5387|-122.9636|92886|Health and safety inspector|2004-01-23|857987636625|young_adults_male_urban.json|836868f3fcda1e45af22ad933b4f4b4a|2024-04-01|21:59:29|1712023169|entertainment|21.48|0|Brown-Greenholt|45.091297|-122.291178
507-52-3998|4163287083172781|William|Larson|M|868 Merritt Summit Suite 743|Hillsboro|OR|97124|45.5387|-122.9636|92886|Health and safety inspector|2004-01-23|857987636625|young_adults_male_urban.json|66dff6c450ac2675137c99e02e42e5de|2024-05-18|22:54:58|1716087298|kids_pets|49.66|0|Schoen Ltd|45.325867|-121.964054
507-52-3998|4163287083172781|William|Larson|M|868 Merritt Summit Suite 743|Hillsboro|OR|97124|45.5387|-122.9636|92886|Health and safety inspector|2004-01-23|857987636625|young_adults_male_urban.json|c081a4816693637c26b8fc7f0640792e|2024-02-25|17:47:38|1708901258|misc_pos|29.86|0|Hermann-Gaylord|46.535574|-123.098482
507-52-3998|4163287083172781|William|Larson|M|868 Merritt Summit Suite 743|Hillsboro|OR|97124|45.5387|-122.9636|92886|Health and safety inspector|2004-01-23|857987636625|young_adults_male_urban.json|6982c736acab370f560bb7b3fbded205|2024-05-26|20:54:27|1716771267|personal_care|78.49|0|Zulauf LLC|46.073611|-123.674841
507-52-3998|4163287083172781|William|Larson|M|868 Merritt Summit Suite 743|Hillsboro|OR|97124|45.5387|-122.9636|92886|Health and safety inspector|2004-01-23|857987636625|young_adults_male_urban.json|11e6660cbacd869f147b2940e700cea2|2024-03-15|17:01:38|1710536498|shopping_net|10.64|0|Langworth, Boehm and Gulgowski|46.188033|-123.951790
507-52-3998|4163287083172781|William|Larson|M|868 Merritt Summit Suite 743|Hillsboro|OR|97124|45.5387|-122.9636|92886|Health and safety inspector|2004-01-23|857987636625|young_adults_male_urban.json|eaeeb0732e06da63be8fd2aa60deb83e|2024-04-21|18:20:35|1713738035|health_fitness|6.23|0|Hills, Hegmann and Schaefer|45.054355|-122.026530
507-52-3998|4163287083172781|William|Larson|M|868 Merritt Summit Suite 743|Hillsboro|OR|97124|45.5387|-122.9636|92886|Health and safety inspector|2004-01-23|857987636625|young_adults_male_urban.json|fea05fdd115c8bece4d752d10343f481|2024-04-10|14:00:53|1712772053|entertainment|76.83|0|Abbott-Rogahn|44.878450|-122.217555
507-52-3998|4163287083172781|William|Larson|M|868 Merritt Summit Suite 743|Hillsboro|OR|97124|45.5387|-122.9636|92886|Health and safety inspector|2004-01-23|857987636625|young_adults_male_urban.json|9b07b5e2a4ff3ada3ac0749d03923b8d|2024-05-02|21:49:17|1714700957|home|8.09|0|Quitzon-Goyette|46.495286|-122.205886
507-52-3998|4163287083172781|William|Larson|M|868 Merritt Summit Suite 743|Hillsboro|OR|97124|45.5387|-122.9636|92886|Health and safety inspector|2004-01-23|857987636625|young_adults_male_urban.json|d4619b9b886439060f82c6b377d7ba13|2024-04-09|18:17:53|1712701073|entertainment|39.46|0|Hoppe, Harris and Bednar|46.013528|-123.212238
507-52-3998|4163287083172781|William|Larson|M|868 Merritt Summit Suite 743|Hillsboro|OR|97124|45.5387|-122.9636|92886|Health and safety inspector|2004-01-23|857987636625|young_adults_male_urban.json|113ed3814b5fb252933c3be835f43639|2024-03-29|15:14:18|1711739658|shopping_pos|32.11|0|Haley, Jewess and Bechtelar|45.615390|-123.303133
507-52-3998|4163287083172781|William|Larson|M|868 Merritt Summit Suite 743|Hillsboro|OR|97124|45.5387|-122.9636|92886|Health and safety inspector|2004-01-23|857987636625|young_adults_male_urban.json|c5c8c18aea664bd8564a3a1270341bf0|2024-04-13|12:43:37|1713026617|food_dining|6.19|0|Deckow-Dare|45.526121|-123.944929
507-52-3998|4163287083172781|William|Larson|M|868 Merritt Summit Suite 743|Hillsboro|OR|97124|45.5387|-122.9636|92886|Health and safety inspector|2004-01-23|857987636625|young_adults_male_urban.json|8d15f470777651dd924c8aba18014aac|2024-05-10|21:55:25|1715392525|home|31.27|0|Bahringer, Bergnaum and Quitzon|44.676953|-122.787755
507-52-3998|4163287083172781|William|Larson|M|868 Merritt Summit Suite 743|Hillsboro|OR|97124|45.5387|-122.9636|92886|Health and safety inspector|2004-01-23|857987636625|young_adults_male_urban.json|84fb527a5e85fbc2b3cafb9ba5698cf7|2024-03-27|16:57:54|1711573074|shopping_pos|54.08|0|Jast-McDermott|46.062885|-122.765367
507-52-3998|4163287083172781|William|Larson|M|868 Merritt Summit Suite 743|Hillsboro|OR|97124|45.5387|-122.9636|92886|Health and safety inspector|2004-01-23|857987636625|young_adults_male_urban.json|153b0cb2bd640970ee1e9c029347862d|2024-03-01|19:59:19|1709341159|misc_pos|67.55|0|Wiza, Schaden and Stark|45.232000|-123.873496
507-52-3998|4163287083172781|William|Larson|M|868 Merritt Summit Suite 743|Hillsboro|OR|97124|45.5387|-122.9636|92886|Health and safety inspector|2004-01-23|857987636625|young_adults_male_urban.json|f8b5524edba2ae32f255dc04c79f8c72|2024-03-21|17:21:08|1711056068|shopping_pos|77.37|0|Watsica, Haag and Considine|46.325281|-123.361078
507-52-3998|4163287083172781|William|Larson|M|868 Merritt Summit Suite 743|Hillsboro|OR|97124|45.5387|-122.9636|92886|Health and safety inspector|2004-01-23|857987636625|young_adults_male_urban.json|ed4aee2f6f3ee4d1d3adeb19be1f0728|2024-02-11|21:01:41|1707703301|grocery_pos|72.38|0|Deckow-O'Conner|45.441554|-123.876624
507-52-3998|4163287083172781|William|Larson|M|868 Merritt Summit Suite 743|Hillsboro|OR|97124|45.5387|-122.9636|92886|Health and safety inspector|2004-01-23|857987636625|young_adults_male_urban.json|6bf45b3ebd4467e3126764e52370bc71|2024-04-19|19:36:02|1713569762|food_dining|27.87|0|Schneider, Hayes and Nikolaus|46.405337|-122.605460
507-52-3998|4163287083172781|William|Larson|M|868 Merritt Summit Suite 743|Hillsboro|OR|97124|45.5387|-122.9636|92886|Health and safety inspector|2004-01-23|857987636625|young_adults_male_urban.json|65e3ec5dc4014736c0592e3d86fea33a|2024-02-11|13:53:00|1707677580|grocery_pos|9.57|0|Miller-Hauck|44.995720|-122.983415
507-52-3998|4163287083172781|William|Larson|M|868 Merritt Summit Suite 743|Hillsboro|OR|97124|45.5387|-122.9636|92886|Health and safety inspector|2004-01-23|857987636625|young_adults_male_urban.json|19811c2bcd0d3ba03fa6475b31fbd65f|2024-04-12|12:28:14|1712939294|food_dining|6.18|0|Weber and Sons|46.056241|-122.057489
507-52-3998|4163287083172781|William|Larson|M|868 Merritt Summit Suite 743|Hillsboro|OR|97124|45.5387|-122.9636|92886|Health and safety inspector|2004-01-23|857987636625|young_adults_male_urban.json|3c4e7037593e99802257d6dc14f404bb|2024-03-24|16:37:10|1711312630|shopping_pos|5.20|0|Dooley Inc|46.346095|-122.477793
507-52-3998|4163287083172781|William|Larson|M|868 Merritt Summit Suite 743|Hillsboro|OR|97124|45.5387|-122.9636|92886|Health and safety inspector|2004-01-23|857987636625|young_adults_male_urban.json|cc775499660e02077f2d257fc2fbf48c|2024-05-03|23:14:03|1714792443|home|8.78|0|Cole, Hills and Jewess|46.353873|-122.568242
507-52-3998|4163287083172781|William|Larson|M|868 Merritt Summit Suite 743|Hillsboro|OR|97124|45.5387|-122.9636|92886|Health and safety inspector|2004-01-23|857987636625|young_adults_male_urban.json|b83d0d09f7fa9da562354e84b432fafb|2024-05-11|13:24:37|1715448277|kids_pets|1.47|0|Bode-Schuster|44.653291|-122.581215
507-52-3998|4163287083172781|William|Larson|M|868 Merritt Summit Suite 743|Hillsboro|OR|97124|45.5387|-122.9636|92886|Health and safety inspector|2004-01-23|857987636625|young_adults_male_urban.json|c583381cf127fb8b5a9610b782d16323|2024-05-05|14:41:58|1714934518|home|3.91|0|Champlin and Sons|45.870763|-123.040748
507-52-3998|4163287083172781|William|Larson|M|868 Merritt Summit Suite 743|Hillsboro|OR|97124|45.5387|-122.9636|92886|Health and safety inspector|2004-01-23|857987636625|young_adults_male_urban.json|5beb6e2284bfb5585c0a4d14fc4f11e0|2024-04-26|22:23:26|1714184606|health_fitness|1.12|0|Hintz, Bauch and Smith|46.339318|-123.898696
507-52-3998|4163287083172781|William|Larson|M|868 Merritt Summit Suite 743|Hillsboro|OR|97124|45.5387|-122.9636|92886|Health and safety inspector|2004-01-23|857987636625|young_adults_male_urban.json|6ba7d11c9184279835cbb11876fed78d|2024-02-11|20:25:56|1707701156|grocery_pos|33.88|0|Goodwin-Nitzsche|45.809191|-123.480973
507-52-3998|4163287083172781|William|Larson|M|868 Merritt Summit Suite 743|Hillsboro|OR|97124|45.5387|-122.9636|92886|Health and safety inspector|2004-01-23|857987636625|young_adults_male_urban.json|235be6e84085b607fb96da062a2d3c27|2024-03-02|18:46:24|1709423184|misc_pos|3.21|0|Block Group|45.940807|-123.116885
507-52-3998|4163287083172781|William|Larson|M|868 Merritt Summit Suite 743|Hillsboro|OR|97124|45.5387|-122.9636|92886|Health and safety inspector|2004-01-23|857987636625|young_adults_male_urban.json|812770b2c5d7b688e9820c2edbc5b7d8|2024-04-21|14:23:30|1713723810|health_fitness|22.32|0|Fritsch and Sons|45.884542|-123.751908
507-52-3998|4163287083172781|William|Larson|M|868 Merritt Summit Suite 743|Hillsboro|OR|97124|45.5387|-122.9636|92886|Health and safety inspector|2004-01-23|857987636625|young_adults_male_urban.json|0a3aa9b68a95199a0e6e7ce31ecf1755|2024-03-24|23:09:17|1711336157|shopping_pos|5.74|0|Quitzon, Green and Bashirian|44.734188|-122.636355
507-52-3998|4163287083172781|William|Larson|M|868 Merritt Summit Suite 743|Hillsboro|OR|97124|45.5387|-122.9636|92886|Health and safety inspector|2004-01-23|857987636625|young_adults_male_urban.json|8e9fcb66eb6d02bed702665e9977f6c7|2024-04-12|21:25:22|1712971522|food_dining|51.63|0|Lakin, Ferry and Beatty|44.563854|-122.988945
507-52-3998|4163287083172781|William|Larson|M|868 Merritt Summit Suite 743|Hillsboro|OR|97124|45.5387|-122.9636|92886|Health and safety inspector|2004-01-23|857987636625|young_adults_male_urban.json|b419c2e29840dfd5ebd9cb01afbc12c7|2024-04-13|23:08:52|1713064132|food_dining|17.50|0|Schumm, McLaughlin and Carter|45.774866|-122.359817
507-52-3998|4163287083172781|William|Larson|M|868 Merritt Summit Suite 743|Hillsboro|OR|97124|45.5387|-122.9636|92886|Health and safety inspector|2004-01-23|857987636625|young_adults_male_urban.json|dcbada51ad47261bdfec4f378a531258|2024-03-17|20:22:27|1710721347|shopping_pos|45.98|0|Hermann and Sons|46.030212|-123.192918
507-52-3998|4163287083172781|William|Larson|M|868 Merritt Summit Suite 743|Hillsboro|OR|97124|45.5387|-122.9636|92886|Health and safety inspector|2004-01-23|857987636625|young_adults_male_urban.json|4ce7e7760c0ffed8151cedf471a81d56|2024-04-15|20:26:38|1713227198|food_dining|57.87|0|McKenzie-Huels|45.075089|-123.000737
507-52-3998|4163287083172781|William|Larson|M|868 Merritt Summit Suite 743|Hillsboro|OR|97124|45.5387|-122.9636|92886|Health and safety inspector|2004-01-23|857987636625|young_adults_male_urban.json|c7f8cf91ab52216ef59ec2b43ce2068c|2024-05-25|14:42:05|1716662525|personal_care|3.99|0|Walter, Hettinger and Kessler|46.224763|-122.988009
507-52-3998|4163287083172781|William|Larson|M|868 Merritt Summit Suite 743|Hillsboro|OR|97124|45.5387|-122.9636|92886|Health and safety inspector|2004-01-23|857987636625|young_adults_male_urban.json|f62d9b9af9d118d64a9a0aa86b31d866|2024-05-25|12:27:47|1716654467|personal_care|7.00|0|Prosacco LLC|45.115863|-123.605236
507-52-3998|4163287083172781|William|Larson|M|868 Merritt Summit Suite 743|Hillsboro|OR|97124|45.5387|-122.9636|92886|Health and safety inspector|2004-01-23|857987636625|young_adults_male_urban.json|9eff16cb053ea55e29a1394e446ef401|2024-03-02|17:39:18|1709419158|misc_pos|102.89|0|Smith-Stokes|45.544376|-122.120421
507-52-3998|4163287083172781|William|Larson|M|868 Merritt Summit Suite 743|Hillsboro|OR|97124|45.5387|-122.9636|92886|Health and safety inspector|2004-01-23|857987636625|young_adults_male_urban.json|6d4d7b7e6a578c3c9d963f828514b14a|2024-06-01|20:17:20|1717287440|travel|7.08|0|Medhurst, Labadie and Gottlieb|46.286647|-122.225192
507-52-3998|4163287083172781|William|Larson|M|868 Merritt Summit Suite 743|Hillsboro|OR|97124|45.5387|-122.9636|92886|Health and safety inspector|2004-01-23|857987636625|young_adults_male_urban.json|41360b4fb6a80e9ccaf9080285179400|2024-04-07|23:29:09|1712546949|entertainment|7.15|0|Nienow PLC|46.059261|-122.454714
507-52-3998|4163287083172781|William|Larson|M|868 Merritt Summit Suite 743|Hillsboro|OR|97124|45.5387|-122.9636|92886|Health and safety inspector|2004-01-23|857987636625|young_adults_male_urban.json|68b73cf51847003fac459c9da710acad|2024-04-11|16:38:51|1712867931|entertainment|7.70|0|Padberg-Rogahn|45.518472|-122.165374
507-52-3998|4163287083172781|William|Larson|M|868 Merritt Summit Suite 743|Hillsboro|OR|97124|45.5387|-122.9636|92886|Health and safety inspector|2004-01-23|857987636625|young_adults_male_urban.json|3f36225236b2d3110fb9817c4970f9da|2024-02-17|12:50:05|1708192205|misc_net|66.76|0|Rodriguez, Yost and Jenkins|45.215601|-123.782980
507-52-3998|4163287083172781|William|Larson|M|868 Merritt Summit Suite 743|Hillsboro|OR|97124|45.5387|-122.9636|92886|Health and safety inspector|2004-01-23|857987636625|young_adults_male_urban.json|701e98d05202d3788cb00ae8ca5e74f5|2024-04-14|21:09:04|1713143344|food_dining|50.96|0|Runte-Mohr|45.248814|-123.859141
507-52-3998|4163287083172781|William|Larson|M|868 Merritt Summit Suite 743|Hillsboro|OR|97124|45.5387|-122.9636|92886|Health and safety inspector|2004-01-23|857987636625|young_adults_male_urban.json|1cb600c04588633c791fe0bee5359026|2024-05-12|16:52:00|1715547120|kids_pets|97.99|0|Nolan-Williamson|46.353239|-123.181077
507-52-3998|4163287083172781|William|Larson|M|868 Merritt Summit Suite 743|Hillsboro|OR|97124|45.5387|-122.9636|92886|Health and safety inspector|2004-01-23|857987636625|young_adults_male_urban.json|fb2f994d3f8c4757d75d897884897d84|2024-05-10|21:38:16|1715391496|home|111.56|0|Quitzon-Goyette|46.409774|-123.823127
507-52-3998|4163287083172781|William|Larson|M|868 Merritt Summit Suite 743|Hillsboro|OR|97124|45.5387|-122.9636|92886|Health and safety inspector|2004-01-23|857987636625|young_adults_male_urban.json|1b9cdc31506e4bc655352f43b92401cd|2024-05-11|15:42:27|1715456547|kids_pets|1.69|0|Wilkinson PLC|45.255848|-123.027408
507-52-3998|4163287083172781|William|Larson|M|868 Merritt Summit Suite 743|Hillsboro|OR|97124|45.5387|-122.9636|92886|Health and safety inspector|2004-01-23|857987636625|young_adults_male_urban.json|e2d9dca7c8eee404d1decee2b8c255cd|2024-05-31|23:46:37|1717213597|travel|3.03|0|Kessler Group|45.923837|-123.233989
507-52-3998|4163287083172781|William|Larson|M|868 Merritt Summit Suite 743|Hillsboro|OR|97124|45.5387|-122.9636|92886|Health and safety inspector|2004-01-23|857987636625|young_adults_male_urban.json|0e797f21abc9bb987e6287e18546b185|2024-05-26|22:10:14|1716775814|personal_care|7.45|0|Erdman-Schaden|45.370460|-123.130800
507-52-3998|4163287083172781|William|Larson|M|868 Merritt Summit Suite 743|Hillsboro|OR|97124|45.5387|-122.9636|92886|Health and safety inspector|2004-01-23|857987636625|young_adults_male_urban.json|14727be7c335a72b4f0a4912e31b4798|2024-03-31|17:08:33|1711919313|entertainment|2.34|0|Schuppe LLC|46.257908|-123.134434
507-52-3998|4163287083172781|William|Larson|M|868 Merritt Summit Suite 743|Hillsboro|OR|97124|45.5387|-122.9636|92886|Health and safety inspector|2004-01-23|857987636625|young_adults_male_urban.json|8419d94179486986fb4532d77b854b9d|2024-05-19|23:32:26|1716175946|kids_pets|21.91|0|Weimann-Lockman|46.510227|-122.180627
507-52-3998|4163287083172781|William|Larson|M|868 Merritt Summit Suite 743|Hillsboro|OR|97124|45.5387|-122.9636|92886|Health and safety inspector|2004-01-23|857987636625|young_adults_male_urban.json|4f6328a67b8b4082535e398da39475d5|2024-03-04|21:03:34|1709604214|shopping_net|2.06|0|Reichert, Rowe and Mraz|46.499407|-122.832254
507-52-3998|4163287083172781|William|Larson|M|868 Merritt Summit Suite 743|Hillsboro|OR|97124|45.5387|-122.9636|92886|Health and safety inspector|2004-01-23|857987636625|young_adults_male_urban.json|831d8758ebcc18fad8055dfd2eef6756|2024-05-27|14:27:29|1716834449|personal_care|138.27|0|Marvin-Lind|45.379856|-122.471062
507-52-3998|4163287083172781|William|Larson|M|868 Merritt Summit Suite 743|Hillsboro|OR|97124|45.5387|-122.9636|92886|Health and safety inspector|2004-01-23|857987636625|young_adults_male_urban.json|bf5f6dc84ab24a64d058845799a0b716|2024-02-16|16:13:50|1708118030|misc_net|1.07|0|McGlynn-Heathcote|45.314719|-123.148936
507-52-3998|4163287083172781|William|Larson|M|868 Merritt Summit Suite 743|Hillsboro|OR|97124|45.5387|-122.9636|92886|Health and safety inspector|2004-01-23|857987636625|young_adults_male_urban.json|168734b85525347df928ee0f5cacec2a|2024-03-21|12:28:00|1711038480|shopping_pos|127.15|0|Macejkovic-Lesch|44.567002|-122.826251
507-52-3998|4163287083172781|William|Larson|M|868 Merritt Summit Suite 743|Hillsboro|OR|97124|45.5387|-122.9636|92886|Health and safety inspector|2004-01-23|857987636625|young_adults_male_urban.json|9dd8030a4d3bdfd30665b7334397d59f|2024-04-20|23:53:35|1713671615|food_dining|7.62|0|Schulist Ltd|45.279692|-123.724763
507-52-3998|4163287083172781|William|Larson|M|868 Merritt Summit Suite 743|Hillsboro|OR|97124|45.5387|-122.9636|92886|Health and safety inspector|2004-01-23|857987636625|young_adults_male_urban.json|38a128e97d88b8a2140b073ab8a54b1b|2024-03-11|22:40:23|1710211223|shopping_net|62.36|0|Lemke-Gutmann|45.365341|-122.236363
507-52-3998|4163287083172781|William|Larson|M|868 Merritt Summit Suite 743|Hillsboro|OR|97124|45.5387|-122.9636|92886|Health and safety inspector|2004-01-23|857987636625|young_adults_male_urban.json|ed2d576252e13c3b4bfb15acdcc0ef72|2024-05-24|15:56:32|1716580592|personal_care|29.86|0|Dickinson Ltd|44.682203|-123.549500
507-52-3998|4163287083172781|William|Larson|M|868 Merritt Summit Suite 743|Hillsboro|OR|97124|45.5387|-122.9636|92886|Health and safety inspector|2004-01-23|857987636625|young_adults_male_urban.json|32d99046e20971f779461494a6ec6fdf|2024-02-09|13:35:12|1707503712|grocery_pos|41.05|0|Cole PLC|45.207142|-121.995289
507-52-3998|4163287083172781|William|Larson|M|868 Merritt Summit Suite 743|Hillsboro|OR|97124|45.5387|-122.9636|92886|Health and safety inspector|2004-01-23|857987636625|young_adults_male_urban.json|d837f726ab5ece4352f032ba7b0d573f|2024-05-02|21:04:47|1714698287|home|39.23|0|Lynch-Wisozk|44.913431|-123.442002
507-52-3998|4163287083172781|William|Larson|M|868 Merritt Summit Suite 743|Hillsboro|OR|97124|45.5387|-122.9636|92886|Health and safety inspector|2004-01-23|857987636625|young_adults_male_urban.json|65d4c8f00e3ff2b5bfe791f96677af04|2024-04-05|23:49:21|1712375361|entertainment|61.72|0|Reichel Inc|45.281600|-123.814321
507-52-3998|4163287083172781|William|Larson|M|868 Merritt Summit Suite 743|Hillsboro|OR|97124|45.5387|-122.9636|92886|Health and safety inspector|2004-01-23|857987636625|young_adults_male_urban.json|6f9f051c5cc0dfa956704068161a7b06|2024-02-21|13:28:02|1708540082|misc_net|33.71|0|Kerluke, Considine and Macejkovic|44.835881|-123.173747
507-52-3998|4163287083172781|William|Larson|M|868 Merritt Summit Suite 743|Hillsboro|OR|97124|45.5387|-122.9636|92886|Health and safety inspector|2004-01-23|857987636625|young_adults_male_urban.json|ba6613c3d3f6164089266785194ecc8d|2024-05-12|23:01:17|1715569277|kids_pets|6.36|0|Goyette-Gerhold|45.346882|-122.776682
507-52-3998|4163287083172781|William|Larson|M|868 Merritt Summit Suite 743|Hillsboro|OR|97124|45.5387|-122.9636|92886|Health and safety inspector|2004-01-23|857987636625|young_adults_male_urban.json|0456008dc9444918c2daf248d22f0fd2|2024-02-10|13:41:43|1707590503|grocery_pos|5.40|0|Vandervort-Funk|44.701748|-123.672951
507-52-3998|4163287083172781|William|Larson|M|868 Merritt Summit Suite 743|Hillsboro|OR|97124|45.5387|-122.9636|92886|Health and safety inspector|2004-01-23|857987636625|young_adults_male_urban.json|d5526e1bcda276bb7be56beb921ee2e5|2024-04-19|16:25:01|1713558301|food_dining|18.49|0|Powlowski-Weimann|45.956745|-122.156518
507-52-3998|4163287083172781|William|Larson|M|868 Merritt Summit Suite 743|Hillsboro|OR|97124|45.5387|-122.9636|92886|Health and safety inspector|2004-01-23|857987636625|young_adults_male_urban.json|52e75efec873c37fe55a20b92ff93620|2024-05-05|21:46:20|1714959980|home|67.41|0|Reilly LLC|45.440799|-122.485449
507-52-3998|4163287083172781|William|Larson|M|868 Merritt Summit Suite 743|Hillsboro|OR|97124|45.5387|-122.9636|92886|Health and safety inspector|2004-01-23|857987636625|young_adults_male_urban.json|0345e30807d1e22ac633a24f51f2206c|2024-04-29|23:52:59|1714449179|health_fitness|26.96|0|Kulas Group|45.162480|-122.284587
507-52-3998|4163287083172781|William|Larson|M|868 Merritt Summit Suite 743|Hillsboro|OR|97124|45.5387|-122.9636|92886|Health and safety inspector|2004-01-23|857987636625|young_adults_male_urban.json|4192be0215a82b37464b42c7ae4e4ec3|2024-04-06|21:25:12|1712453112|entertainment|4.80|0|Kling-Ernser|45.938138|-123.187935
507-52-3998|4163287083172781|William|Larson|M|868 Merritt Summit Suite 743|Hillsboro|OR|97124|45.5387|-122.9636|92886|Health and safety inspector|2004-01-23|857987636625|young_adults_male_urban.json|37f4a8a81b06977b8a47e2199dfa1a5d|2024-02-10|20:50:38|1707616238|grocery_pos|143.46|0|Goodwin-Nitzsche|45.510868|-123.355255
507-52-3998|4163287083172781|William|Larson|M|868 Merritt Summit Suite 743|Hillsboro|OR|97124|45.5387|-122.9636|92886|Health and safety inspector|2004-01-23|857987636625|young_adults_male_urban.json|c3dd49b87e09d28816928e3ac776df23|2024-03-01|18:55:15|1709337315|misc_pos|1.96|0|McGlynn-Jaskolski|45.502170|-122.456271
507-52-3998|4163287083172781|William|Larson|M|868 Merritt Summit Suite 743|Hillsboro|OR|97124|45.5387|-122.9636|92886|Health and safety inspector|2004-01-23|857987636625|young_adults_male_urban.json|edda1ddb28c1a1e76f2993fa0f7b7091|2024-05-05|21:34:34|1714959274|home|5.21|0|Quitzon-Goyette|45.553636|-122.750566
507-52-3998|4163287083172781|William|Larson|M|868 Merritt Summit Suite 743|Hillsboro|OR|97124|45.5387|-122.9636|92886|Health and safety inspector|2004-01-23|857987636625|young_adults_male_urban.json|84949f81659b16ec1a3cdcd8eaf1c427|2024-06-01|16:35:36|1717274136|travel|69.07|0|Romaguera and Sons|45.355405|-123.567206
507-52-3998|4163287083172781|William|Larson|M|868 Merritt Summit Suite 743|Hillsboro|OR|97124|45.5387|-122.9636|92886|Health and safety inspector|2004-01-23|857987636625|young_adults_male_urban.json|57aa65950cbe4c4bb4a7943c52611fa2|2024-03-05|20:52:44|1709689964|shopping_net|82.60|0|Labadie, Treutel and Bode|45.682007|-122.104172
507-52-3998|4163287083172781|William|Larson|M|868 Merritt Summit Suite 743|Hillsboro|OR|97124|45.5387|-122.9636|92886|Health and safety inspector|2004-01-23|857987636625|young_adults_male_urban.json|6670c116c875ce0b15f7315d3b801798|2024-02-09|13:49:27|1707504567|grocery_pos|49.77|0|Huel, Hammes and Witting|44.655610|-123.639527
507-52-3998|4163287083172781|William|Larson|M|868 Merritt Summit Suite 743|Hillsboro|OR|97124|45.5387|-122.9636|92886|Health and safety inspector|2004-01-23|857987636625|young_adults_male_urban.json|107a8e0825c5276e497c093d769de09f|2024-03-02|13:07:08|1709402828|misc_pos|7.60|0|Gislason Group|45.792649|-123.443858
507-52-3998|4163287083172781|William|Larson|M|868 Merritt Summit Suite 743|Hillsboro|OR|97124|45.5387|-122.9636|92886|Health and safety inspector|2004-01-23|857987636625|young_adults_male_urban.json|ec97e98b28dfa161a346599707e0f1f0|2024-03-29|15:37:58|1711741078|shopping_pos|17.45|0|Mayert Group|44.948431|-122.822193
507-52-3998|4163287083172781|William|Larson|M|868 Merritt Summit Suite 743|Hillsboro|OR|97124|45.5387|-122.9636|92886|Health and safety inspector|2004-01-23|857987636625|young_adults_male_urban.json|00da846c2256608ed5b0069424fbf3c6|2024-05-20|22:14:45|1716257685|kids_pets|16.90|0|Bernier and Sons|46.200256|-123.597195
507-52-3998|4163287083172781|William|Larson|M|868 Merritt Summit Suite 743|Hillsboro|OR|97124|45.5387|-122.9636|92886|Health and safety inspector|2004-01-23|857987636625|young_adults_male_urban.json|63bdb82c50713bc7c1a985ff8ad92805|2024-03-10|14:22:03|1710094923|shopping_net|100.78|0|Jast Ltd|46.062536|-122.336193
507-52-3998|4163287083172781|William|Larson|M|868 Merritt Summit Suite 743|Hillsboro|OR|97124|45.5387|-122.9636|92886|Health and safety inspector|2004-01-23|857987636625|young_adults_male_urban.json|2dc0e7f70b668baea9fe06b33c488edd|2024-03-16|16:30:58|1710621058|shopping_pos|1.39|0|Baumbach, Hodkiewicz and Walsh|46.002249|-123.119687
507-52-3998|4163287083172781|William|Larson|M|868 Merritt Summit Suite 743|Hillsboro|OR|97124|45.5387|-122.9636|92886|Health and safety inspector|2004-01-23|857987636625|young_adults_male_urban.json|9b0f19abb7dc69d2722fc47b1aa312bc|2024-03-15|13:29:43|1710523783|shopping_net|30.35|0|Stanton, Jakubowski and Baumbach|44.804994|-123.954951
507-52-3998|4163287083172781|William|Larson|M|868 Merritt Summit Suite 743|Hillsboro|OR|97124|45.5387|-122.9636|92886|Health and safety inspector|2004-01-23|857987636625|young_adults_male_urban.json|62f4633697d0bf860b0972f49d305c62|2024-05-08|16:37:27|1715200647|home|52.51|0|Crist, Jakubowski and Littel|44.779703|-122.998246
507-52-3998|4163287083172781|William|Larson|M|868 Merritt Summit Suite 743|Hillsboro|OR|97124|45.5387|-122.9636|92886|Health and safety inspector|2004-01-23|857987636625|young_adults_male_urban.json|1d090c688a31c2d0ce83f85994bdc137|2024-03-17|12:54:37|1710694477|shopping_pos|49.16|0|Jewess LLC|45.349433|-122.130171
507-52-3998|4163287083172781|William|Larson|M|868 Merritt Summit Suite 743|Hillsboro|OR|97124|45.5387|-122.9636|92886|Health and safety inspector|2004-01-23|857987636625|young_adults_male_urban.json|e5b92317f1292ea51703399c15986340|2024-04-28|17:14:45|1714338885|health_fitness|24.21|0|Feil-Morar|46.071002|-123.742407
507-52-3998|4163287083172781|William|Larson|M|868 Merritt Summit Suite 743|Hillsboro|OR|97124|45.5387|-122.9636|92886|Health and safety inspector|2004-01-23|857987636625|young_adults_male_urban.json|b2eeacea94a5efc8a68c31e20cf7d7a9|2024-03-12|19:57:04|1710287824|shopping_net|33.22|0|Altenwerth, Cartwright and Koss|45.319606|-122.017547
507-52-3998|4163287083172781|William|Larson|M|868 Merritt Summit Suite 743|Hillsboro|OR|97124|45.5387|-122.9636|92886|Health and safety inspector|2004-01-23|857987636625|young_adults_male_urban.json|04c878d5eb477d6107c1e3eda6fe0396|2024-03-15|18:45:32|1710542732|shopping_net|181.83|0|Cormier LLC|46.044992|-123.782646
507-52-3998|4163287083172781|William|Larson|M|868 Merritt Summit Suite 743|Hillsboro|OR|97124|45.5387|-122.9636|92886|Health and safety inspector|2004-01-23|857987636625|young_adults_male_urban.json|359d6b3d4d955eb6c95534c9953a93ea|2024-03-30|13:05:24|1711818324|entertainment|66.66|0|Kassulke Inc|46.189691|-122.239083
507-52-3998|4163287083172781|William|Larson|M|868 Merritt Summit Suite 743|Hillsboro|OR|97124|45.5387|-122.9636|92886|Health and safety inspector|2004-01-23|857987636625|young_adults_male_urban.json|c67c6afa821fc49f5e3b20b1f944fc30|2024-05-26|22:23:19|1716776599|personal_care|6.27|0|Bradtke, Torp and Bahringer|45.026134|-121.971209
507-52-3998|4163287083172781|William|Larson|M|868 Merritt Summit Suite 743|Hillsboro|OR|97124|45.5387|-122.9636|92886|Health and safety inspector|2004-01-23|857987636625|young_adults_male_urban.json|eeb102503beb354ff8ea266a8abe3147|2024-05-29|23:51:36|1717041096|personal_care|23.81|0|Berge, Kautzer and Harris|45.841871|-122.289890
507-52-3998|4163287083172781|William|Larson|M|868 Merritt Summit Suite 743|Hillsboro|OR|97124|45.5387|-122.9636|92886|Health and safety inspector|2004-01-23|857987636625|young_adults_male_urban.json|1dd56b49f6f53c7722f5643e7ce8631a|2024-02-23|16:50:42|1708725042|misc_pos|2.20|0|Turcotte-Halvorson|45.264342|-123.271803
507-52-3998|4163287083172781|William|Larson|M|868 Merritt Summit Suite 743|Hillsboro|OR|97124|45.5387|-122.9636|92886|Health and safety inspector|2004-01-23|857987636625|young_adults_male_urban.json|584c49a71e259dce2839dd5e42bd8324|2024-03-01|20:17:49|1709342269|misc_pos|17.38|0|Dickinson Ltd|46.163308|-123.954738
507-52-3998|4163287083172781|William|Larson|M|868 Merritt Summit Suite 743|Hillsboro|OR|97124|45.5387|-122.9636|92886|Health and safety inspector|2004-01-23|857987636625|young_adults_male_urban.json|fdfb70cca378ec094659b2a175c87f23|2024-05-24|23:05:14|1716606314|personal_care|1.83|0|Langworth LLC|46.114934|-123.616046
507-52-3998|4163287083172781|William|Larson|M|868 Merritt Summit Suite 743|Hillsboro|OR|97124|45.5387|-122.9636|92886|Health and safety inspector|2004-01-23|857987636625|young_adults_male_urban.json|1209f885d52988e5eeb27f46e98e5c17|2024-05-10|12:41:49|1715359309|kids_pets|9.78|0|Schoen-Quigley|44.562842|-123.586474
507-52-3998|4163287083172781|William|Larson|M|868 Merritt Summit Suite 743|Hillsboro|OR|97124|45.5387|-122.9636|92886|Health and safety inspector|2004-01-23|857987636625|young_adults_male_urban.json|2c629fbff8c033febf3171c893aa4d57|2024-03-10|17:25:04|1710105904|shopping_net|52.38|0|Schumm PLC|46.012515|-122.982936
507-52-3998|4163287083172781|William|Larson|M|868 Merritt Summit Suite 743|Hillsboro|OR|97124|45.5387|-122.9636|92886|Health and safety inspector|2004-01-23|857987636625|young_adults_male_urban.json|70b165a0abfa82e376446fdf0924a961|2024-04-14|19:42:19|1713138139|food_dining|54.76|0|Will Ltd|45.286127|-122.722917
507-52-3998|4163287083172781|William|Larson|M|868 Merritt Summit Suite 743|Hillsboro|OR|97124|45.5387|-122.9636|92886|Health and safety inspector|2004-01-23|857987636625|young_adults_male_urban.json|7787c759facc53670f73596a5140ccf6|2024-03-31|12:43:51|1711903431|entertainment|33.15|0|Bins-Tillman|45.117363|-122.430898
507-52-3998|4163287083172781|William|Larson|M|868 Merritt Summit Suite 743|Hillsboro|OR|97124|45.5387|-122.9636|92886|Health and safety inspector|2004-01-23|857987636625|young_adults_male_urban.json|b76f04c94872be6f63efa5f913d07079|2024-03-10|23:00:19|1710126019|shopping_net|17.38|0|Altenwerth, Cartwright and Koss|45.580375|-122.362825
507-52-3998|4163287083172781|William|Larson|M|868 Merritt Summit Suite 743|Hillsboro|OR|97124|45.5387|-122.9636|92886|Health and safety inspector|2004-01-23|857987636625|young_adults_male_urban.json|d090723590dc955277582c3adddb3b15|2024-04-30|20:18:14|1714522694|health_fitness|94.03|0|Bahringer Group|44.542434|-123.367663
507-52-3998|4163287083172781|William|Larson|M|868 Merritt Summit Suite 743|Hillsboro|OR|97124|45.5387|-122.9636|92886|Health and safety inspector|2004-01-23|857987636625|young_adults_male_urban.json|9734cd25c54a77c46b870b7a5ae32e17|2024-04-28|20:48:09|1714351689|health_fitness|16.04|0|Heller PLC|44.555500|-122.014914
507-52-3998|4163287083172781|William|Larson|M|868 Merritt Summit Suite 743|Hillsboro|OR|97124|45.5387|-122.9636|92886|Health and safety inspector|2004-01-23|857987636625|young_adults_male_urban.json|54dbf9cc76c9cd088b6fe0ad47d9446f|2024-03-23|21:11:03|1711242663|shopping_pos|8.80|0|Botsford Ltd|44.609369|-122.253310
507-52-3998|4163287083172781|William|Larson|M|868 Merritt Summit Suite 743|Hillsboro|OR|97124|45.5387|-122.9636|92886|Health and safety inspector|2004-01-23|857987636625|young_adults_male_urban.json|1ddee2fd5cfe35d89a1a5d13c287db47|2024-03-16|21:25:50|1710638750|shopping_net|40.98|0|Romaguera, Cruickshank and Greenholt|44.857395|-123.557121
507-52-3998|4163287083172781|William|Larson|M|868 Merritt Summit Suite 743|Hillsboro|OR|97124|45.5387|-122.9636|92886|Health and safety inspector|2004-01-23|857987636625|young_adults_male_urban.json|1e65030d4df385835650616fab6c6679|2024-03-23|21:31:52|1711243912|shopping_pos|5.93|0|Mohr Inc|44.974703|-123.708678
507-52-3998|4163287083172781|William|Larson|M|868 Merritt Summit Suite 743|Hillsboro|OR|97124|45.5387|-122.9636|92886|Health and safety inspector|2004-01-23|857987636625|young_adults_male_urban.json|00e22f7b80659ece1feaa5c49fdd9931|2024-03-09|13:51:10|1710010270|shopping_net|23.78|0|Heathcote LLC|46.072679|-123.615371
507-52-3998|4163287083172781|William|Larson|M|868 Merritt Summit Suite 743|Hillsboro|OR|97124|45.5387|-122.9636|92886|Health and safety inspector|2004-01-23|857987636625|young_adults_male_urban.json|54685e626291eba8059fcce516af6e20|2024-05-04|17:01:33|1714856493|home|87.82|0|Terry Ltd|45.427678|-122.233853
507-52-3998|4163287083172781|William|Larson|M|868 Merritt Summit Suite 743|Hillsboro|OR|97124|45.5387|-122.9636|92886|Health and safety inspector|2004-01-23|857987636625|young_adults_male_urban.json|62559d32053e03886914ed0da746ef9f|2024-03-06|21:04:39|1709777079|shopping_net|81.64|0|Kuhic LLC|46.512617|-123.549563
507-52-3998|4163287083172781|William|Larson|M|868 Merritt Summit Suite 743|Hillsboro|OR|97124|45.5387|-122.9636|92886|Health and safety inspector|2004-01-23|857987636625|young_adults_male_urban.json|5e61ee6620dfc08afad1c05d4c4f8569|2024-05-31|22:11:27|1717207887|travel|223.16|0|Block-Hauck|46.126306|-123.708951
507-52-3998|4163287083172781|William|Larson|M|868 Merritt Summit Suite 743|Hillsboro|OR|97124|45.5387|-122.9636|92886|Health and safety inspector|2004-01-23|857987636625|young_adults_male_urban.json|92c4b615bb2a99b9a7c35bc18d91bada|2024-02-16|16:23:20|1708118600|misc_net|18.59|0|Bogisich-Homenick|45.987955|-122.389507
507-52-3998|4163287083172781|William|Larson|M|868 Merritt Summit Suite 743|Hillsboro|OR|97124|45.5387|-122.9636|92886|Health and safety inspector|2004-01-23|857987636625|young_adults_male_urban.json|a51a522ef7768022af371f00d3a933f3|2024-04-20|18:17:32|1713651452|food_dining|50.93|0|Conroy-Emard|46.216806|-123.801873
507-52-3998|4163287083172781|William|Larson|M|868 Merritt Summit Suite 743|Hillsboro|OR|97124|45.5387|-122.9636|92886|Health and safety inspector|2004-01-23|857987636625|young_adults_male_urban.json|4a4e111c652447660c8113983da8b8b5|2024-05-24|20:29:40|1716596980|personal_care|58.42|0|Prosacco LLC|45.652279|-122.582596
507-52-3998|4163287083172781|William|Larson|M|868 Merritt Summit Suite 743|Hillsboro|OR|97124|45.5387|-122.9636|92886|Health and safety inspector|2004-01-23|857987636625|young_adults_male_urban.json|0a8d2a972a681224d3a7333da050e6fe|2024-03-03|15:55:07|1709499307|misc_pos|32.13|0|Haley Group|44.841194|-122.032916
507-52-3998|4163287083172781|William|Larson|M|868 Merritt Summit Suite 743|Hillsboro|OR|97124|45.5387|-122.9636|92886|Health and safety inspector|2004-01-23|857987636625|young_adults_male_urban.json|9866d850a3c47bdff4df4c8b67be9227|2024-02-17|23:37:10|1708231030|misc_net|79.98|0|Block-Parisian|46.208309|-122.883514
507-52-3998|4163287083172781|William|Larson|M|868 Merritt Summit Suite 743|Hillsboro|OR|97124|45.5387|-122.9636|92886|Health and safety inspector|2004-01-23|857987636625|young_adults_male_urban.json|2b17628bf3ab69493df6ca588cd247f6|2024-02-22|12:12:34|1708621954|misc_net|79.46|0|Kuhn LLC|45.912165|-123.105065
507-52-3998|4163287083172781|William|Larson|M|868 Merritt Summit Suite 743|Hillsboro|OR|97124|45.5387|-122.9636|92886|Health and safety inspector|2004-01-23|857987636625|young_adults_male_urban.json|f663ae80c30fde1c73b450366b39c4e6|2024-03-09|12:01:10|1710003670|shopping_net|51.96|0|Predovic Inc|46.187256|-122.556463
507-52-3998|4163287083172781|William|Larson|M|868 Merritt Summit Suite 743|Hillsboro|OR|97124|45.5387|-122.9636|92886|Health and safety inspector|2004-01-23|857987636625|young_adults_male_urban.json|f86188244fa8cce42a0e880a3a63fec7|2024-05-25|12:52:16|1716655936|personal_care|18.97|0|Sporer-Keebler|45.704083|-122.952448
507-52-3998|4163287083172781|William|Larson|M|868 Merritt Summit Suite 743|Hillsboro|OR|97124|45.5387|-122.9636|92886|Health and safety inspector|2004-01-23|857987636625|young_adults_male_urban.json|878df630a86bf7f23156afef2f1eb18a|2024-04-28|12:28:48|1714321728|health_fitness|32.71|0|Conroy, Balistreri and Gorczany|46.508636|-122.030433
507-52-3998|4163287083172781|William|Larson|M|868 Merritt Summit Suite 743|Hillsboro|OR|97124|45.5387|-122.9636|92886|Health and safety inspector|2004-01-23|857987636625|young_adults_male_urban.json|d6c135c089ff8851591cbaa6eb39a98c|2024-05-29|13:00:50|1717002050|personal_care|239.27|0|Auer LLC|45.861333|-122.839236
507-52-3998|4163287083172781|William|Larson|M|868 Merritt Summit Suite 743|Hillsboro|OR|97124|45.5387|-122.9636|92886|Health and safety inspector|2004-01-23|857987636625|young_adults_male_urban.json|aedae46bf81045577b86449e6b5583db|2024-04-06|12:19:20|1712420360|entertainment|4.97|0|Dibbert and Sons|44.938441|-122.664724
507-52-3998|4163287083172781|William|Larson|M|868 Merritt Summit Suite 743|Hillsboro|OR|97124|45.5387|-122.9636|92886|Health and safety inspector|2004-01-23|857987636625|young_adults_male_urban.json|d04472015b15db35465d7d605a32d649|2024-05-21|20:22:12|1716337332|kids_pets|82.44|0|Weimann-Lockman|45.867952|-123.835450
507-52-3998|4163287083172781|William|Larson|M|868 Merritt Summit Suite 743|Hillsboro|OR|97124|45.5387|-122.9636|92886|Health and safety inspector|2004-01-23|857987636625|young_adults_male_urban.json|778d9ebff8eb04fbd4c2574a3e56ba40|2024-04-10|20:37:11|1712795831|entertainment|9.60|0|Brown-Greenholt|44.744649|-122.651877
507-52-3998|4163287083172781|William|Larson|M|868 Merritt Summit Suite 743|Hillsboro|OR|97124|45.5387|-122.9636|92886|Health and safety inspector|2004-01-23|857987636625|young_adults_male_urban.json|3a492eb0d9b4476055e7a905e4d3a496|2024-06-01|23:25:43|1717298743|travel|31.07|0|Little-Gleichner|44.865858|-122.439383
507-52-3998|4163287083172781|William|Larson|M|868 Merritt Summit Suite 743|Hillsboro|OR|97124|45.5387|-122.9636|92886|Health and safety inspector|2004-01-23|857987636625|young_adults_male_urban.json|c8450ba215c9d909e491eb082701b08c|2024-02-10|15:50:13|1707598213|grocery_pos|18.03|0|Kiehn-Emmerich|45.471965|-122.373262
507-52-3998|4163287083172781|William|Larson|M|868 Merritt Summit Suite 743|Hillsboro|OR|97124|45.5387|-122.9636|92886|Health and safety inspector|2004-01-23|857987636625|young_adults_male_urban.json|043b97ff69ee8b83b7088f0df800c2b0|2024-03-15|19:59:59|1710547199|shopping_net|15.91|0|Ruecker, Beer and Collier|44.598740|-122.085087
507-52-3998|4163287083172781|William|Larson|M|868 Merritt Summit Suite 743|Hillsboro|OR|97124|45.5387|-122.9636|92886|Health and safety inspector|2004-01-23|857987636625|young_adults_male_urban.json|3b938f582d5b69e85e3b44102e2967cb|2024-03-09|22:00:50|1710039650|shopping_net|38.22|0|Kozey-Boehm|45.813796|-123.115802
507-52-3998|4163287083172781|William|Larson|M|868 Merritt Summit Suite 743|Hillsboro|OR|97124|45.5387|-122.9636|92886|Health and safety inspector|2004-01-23|857987636625|young_adults_male_urban.json|9bad67a65f13ffe376f2033b4d82b1e3|2024-05-24|15:51:12|1716580272|personal_care|8.87|0|Reichel LLC|45.325188|-123.179034
507-52-3998|4163287083172781|William|Larson|M|868 Merritt Summit Suite 743|Hillsboro|OR|97124|45.5387|-122.9636|92886|Health and safety inspector|2004-01-23|857987636625|young_adults_male_urban.json|b055df89eb75176a3766a3c1a512971d|2024-06-01|16:15:03|1717272903|travel|29.27|0|Bednar Inc|45.978784|-122.730247
507-52-3998|4163287083172781|William|Larson|M|868 Merritt Summit Suite 743|Hillsboro|OR|97124|45.5387|-122.9636|92886|Health and safety inspector|2004-01-23|857987636625|young_adults_male_urban.json|34d3ac1eed4b8ac29cc02584d3967052|2024-03-01|12:22:16|1709313736|misc_pos|185.70|0|Cremin, Hamill and Reichel|45.499023|-122.949364
507-52-3998|4163287083172781|William|Larson|M|868 Merritt Summit Suite 743|Hillsboro|OR|97124|45.5387|-122.9636|92886|Health and safety inspector|2004-01-23|857987636625|young_adults_male_urban.json|28aeb3fdd42870c473cd77272d7c2a75|2024-02-25|23:35:34|1708922134|misc_pos|84.05|0|Cremin, Hamill and Reichel|45.838788|-123.646869
507-52-3998|4163287083172781|William|Larson|M|868 Merritt Summit Suite 743|Hillsboro|OR|97124|45.5387|-122.9636|92886|Health and safety inspector|2004-01-23|857987636625|young_adults_male_urban.json|19fb4d70a6b57916e2430070466c9fb3|2024-02-09|17:15:48|1707516948|grocery_pos|26.87|0|DuBuque LLC|46.442014|-123.310862
507-52-3998|4163287083172781|William|Larson|M|868 Merritt Summit Suite 743|Hillsboro|OR|97124|45.5387|-122.9636|92886|Health and safety inspector|2004-01-23|857987636625|young_adults_male_urban.json|a831afd7ce12c37b947a78957c079f67|2024-03-12|19:10:38|1710285038|shopping_net|13.75|0|Jast Ltd|45.569543|-123.291025
507-52-3998|4163287083172781|William|Larson|M|868 Merritt Summit Suite 743|Hillsboro|OR|97124|45.5387|-122.9636|92886|Health and safety inspector|2004-01-23|857987636625|young_adults_male_urban.json|7674545c959532b2917c4a75a6a42a8f|2024-04-19|22:54:07|1713581647|food_dining|44.75|0|McKenzie-Huels|44.923689|-122.009245
507-52-3998|4163287083172781|William|Larson|M|868 Merritt Summit Suite 743|Hillsboro|OR|97124|45.5387|-122.9636|92886|Health and safety inspector|2004-01-23|857987636625|young_adults_male_urban.json|20a7bfbab9c891dc7a37f2f969a3b8bd|2024-03-30|23:56:57|1711857417|shopping_pos|14.50|0|Jast-McDermott|45.521371|-123.865103
507-52-3998|4163287083172781|William|Larson|M|868 Merritt Summit Suite 743|Hillsboro|OR|97124|45.5387|-122.9636|92886|Health and safety inspector|2004-01-23|857987636625|young_adults_male_urban.json|a62ce375558003084fc2fae31bfe1757|2024-05-04|13:02:45|1714842165|home|38.63|0|Schmidt-Larkin|44.884765|-122.635558
507-52-3998|4163287083172781|William|Larson|M|868 Merritt Summit Suite 743|Hillsboro|OR|97124|45.5387|-122.9636|92886|Health and safety inspector|2004-01-23|857987636625|young_adults_male_urban.json|a67644553b2556c1074890c12d641c96|2024-04-14|22:48:28|1713149308|food_dining|3.67|0|Haag-Blanda|45.094859|-121.977251
507-52-3998|4163287083172781|William|Larson|M|868 Merritt Summit Suite 743|Hillsboro|OR|97124|45.5387|-122.9636|92886|Health and safety inspector|2004-01-23|857987636625|young_adults_male_urban.json|bf86dfcc3316d9154396e798a027cf37|2024-03-23|21:10:47|1711242647|shopping_pos|16.06|0|Metz-Boehm|46.203906|-122.982464
507-52-3998|4163287083172781|William|Larson|M|868 Merritt Summit Suite 743|Hillsboro|OR|97124|45.5387|-122.9636|92886|Health and safety inspector|2004-01-23|857987636625|young_adults_male_urban.json|1c66b2bee0eee904097347140fb8cd74|2024-04-28|14:47:51|1714330071|health_fitness|28.68|0|Fadel-Hilpert|44.976115|-122.697716
507-52-3998|4163287083172781|William|Larson|M|868 Merritt Summit Suite 743|Hillsboro|OR|97124|45.5387|-122.9636|92886|Health and safety inspector|2004-01-23|857987636625|young_adults_male_urban.json|b45d0baf8715b0a6b60da35ba68a2d28|2024-04-10|20:57:58|1712797078|entertainment|47.55|0|Kassulke Inc|44.934571|-122.479068
507-52-3998|4163287083172781|William|Larson|M|868 Merritt Summit Suite 743|Hillsboro|OR|97124|45.5387|-122.9636|92886|Health and safety inspector|2004-01-23|857987636625|young_adults_male_urban.json|07cf8a0e3231b2bec0d56af6381dfe9d|2024-02-29|20:00:36|1709254836|misc_pos|22.49|0|Block Group|45.859001|-123.652999
507-52-3998|4163287083172781|William|Larson|M|868 Merritt Summit Suite 743|Hillsboro|OR|97124|45.5387|-122.9636|92886|Health and safety inspector|2004-01-23|857987636625|young_adults_male_urban.json|5ada4d3e85b6fe712d2af4c773e8fae3|2024-03-20|12:48:40|1710953320|shopping_pos|7.37|0|Sawayn PLC|45.040567|-123.277700
507-52-3998|4163287083172781|William|Larson|M|868 Merritt Summit Suite 743|Hillsboro|OR|97124|45.5387|-122.9636|92886|Health and safety inspector|2004-01-23|857987636625|young_adults_male_urban.json|973d49d9738a5a09922ef57fdb37415a|2024-05-18|21:18:34|1716081514|kids_pets|111.63|0|Schoen-Quigley|46.229548|-123.067173
507-52-3998|4163287083172781|William|Larson|M|868 Merritt Summit Suite 743|Hillsboro|OR|97124|45.5387|-122.9636|92886|Health and safety inspector|2004-01-23|857987636625|young_adults_male_urban.json|28a5203ad9cbf9312059e3ef02439bbc|2024-02-16|17:06:17|1708121177|misc_net|20.83|0|Lehner, Mosciski and King|45.916026|-123.134498
507-52-3998|4163287083172781|William|Larson|M|868 Merritt Summit Suite 743|Hillsboro|OR|97124|45.5387|-122.9636|92886|Health and safety inspector|2004-01-23|857987636625|young_adults_male_urban.json|fe96c4ae9e130b9a25032dbd631a25d9|2024-03-24|23:45:39|1711338339|shopping_pos|12.62|0|Torphy-Goyette|46.199635|-122.799505
507-52-3998|4163287083172781|William|Larson|M|868 Merritt Summit Suite 743|Hillsboro|OR|97124|45.5387|-122.9636|92886|Health and safety inspector|2004-01-23|857987636625|young_adults_male_urban.json|87d9045fcc23d24f2dd85e08284238d7|2024-04-04|16:06:55|1712261215|entertainment|48.48|0|Nicolas, Hills and McGlynn|45.223307|-122.337017
507-52-3998|4163287083172781|William|Larson|M|868 Merritt Summit Suite 743|Hillsboro|OR|97124|45.5387|-122.9636|92886|Health and safety inspector|2004-01-23|857987636625|young_adults_male_urban.json|29a57858a5fa4da566a57fe863a60858|2024-03-17|15:08:34|1710702514|shopping_pos|32.14|0|Jacobi and Sons|46.195366|-122.500437
507-52-3998|4163287083172781|William|Larson|M|868 Merritt Summit Suite 743|Hillsboro|OR|97124|45.5387|-122.9636|92886|Health and safety inspector|2004-01-23|857987636625|young_adults_male_urban.json|da6fe83ec6cb6f5b49a7e2b11b18dbe0|2024-03-22|12:00:43|1711123243|shopping_pos|30.19|0|Botsford Ltd|44.647729|-123.157983
507-52-3998|4163287083172781|William|Larson|M|868 Merritt Summit Suite 743|Hillsboro|OR|97124|45.5387|-122.9636|92886|Health and safety inspector|2004-01-23|857987636625|young_adults_male_urban.json|4032e39e40c952d88557c5bdafb09d23|2024-02-17|16:11:15|1708204275|misc_net|62.90|0|Volkman Ltd|45.448250|-123.840425
507-52-3998|4163287083172781|William|Larson|M|868 Merritt Summit Suite 743|Hillsboro|OR|97124|45.5387|-122.9636|92886|Health and safety inspector|2004-01-23|857987636625|young_adults_male_urban.json|884f546307ce0799d7b14a797feee813|2024-04-28|15:45:36|1714333536|health_fitness|36.09|0|Brown, Homenick and Lesch|46.118073|-123.711997
507-52-3998|4163287083172781|William|Larson|M|868 Merritt Summit Suite 743|Hillsboro|OR|97124|45.5387|-122.9636|92886|Health and safety inspector|2004-01-23|857987636625|young_adults_male_urban.json|62347517e80ebc119417fded68eb20d2|2024-03-24|22:59:39|1711335579|shopping_pos|60.04|0|Pagac LLC|46.254947|-123.167566
507-52-3998|4163287083172781|William|Larson|M|868 Merritt Summit Suite 743|Hillsboro|OR|97124|45.5387|-122.9636|92886|Health and safety inspector|2004-01-23|857987636625|young_adults_male_urban.json|9373a34ebf437b50141ef7ff44b51065|2024-05-24|18:24:22|1716589462|personal_care|50.56|0|Zulauf LLC|45.783871|-122.372634
507-52-3998|4163287083172781|William|Larson|M|868 Merritt Summit Suite 743|Hillsboro|OR|97124|45.5387|-122.9636|92886|Health and safety inspector|2004-01-23|857987636625|young_adults_male_urban.json|a855dff4ce89e838534c7c8b3e200332|2024-02-27|21:41:44|1709088104|misc_pos|17.65|0|Herzog Ltd|45.745965|-122.962605
507-52-3998|4163287083172781|William|Larson|M|868 Merritt Summit Suite 743|Hillsboro|OR|97124|45.5387|-122.9636|92886|Health and safety inspector|2004-01-23|857987636625|young_adults_male_urban.json|bd53889b36ed90d19399252b9fe64e67|2024-05-26|13:54:08|1716746048|personal_care|69.59|0|Abbott-Steuber|44.858647|-122.517144
507-52-3998|4163287083172781|William|Larson|M|868 Merritt Summit Suite 743|Hillsboro|OR|97124|45.5387|-122.9636|92886|Health and safety inspector|2004-01-23|857987636625|young_adults_male_urban.json|27012d84db92cc4a78c0c902a0b2e8d9|2024-05-31|17:34:59|1717191299|travel|30.14|0|McLaughlin, Armstrong and Koepp|46.451101|-123.487682
507-52-3998|4163287083172781|William|Larson|M|868 Merritt Summit Suite 743|Hillsboro|OR|97124|45.5387|-122.9636|92886|Health and safety inspector|2004-01-23|857987636625|young_adults_male_urban.json|6a4212270292781ea006ae7535c40b3a|2024-02-24|20:13:41|1708823621|misc_pos|31.91|0|Reynolds-Schinner|45.544270|-123.625103
507-52-3998|4163287083172781|William|Larson|M|868 Merritt Summit Suite 743|Hillsboro|OR|97124|45.5387|-122.9636|92886|Health and safety inspector|2004-01-23|857987636625|young_adults_male_urban.json|c528326e942bf199c69d0460f33b870c|2024-03-19|13:27:29|1710869249|shopping_pos|42.08|0|Botsford Ltd|44.546655|-122.537516
507-52-3998|4163287083172781|William|Larson|M|868 Merritt Summit Suite 743|Hillsboro|OR|97124|45.5387|-122.9636|92886|Health and safety inspector|2004-01-23|857987636625|young_adults_male_urban.json|0b714fee8ae08b8bafca8576bb41a5ad|2024-04-04|20:25:32|1712276732|entertainment|51.75|0|Schuppe LLC|45.194712|-123.410526
507-52-3998|4163287083172781|William|Larson|M|868 Merritt Summit Suite 743|Hillsboro|OR|97124|45.5387|-122.9636|92886|Health and safety inspector|2004-01-23|857987636625|young_adults_male_urban.json|d686fd51babe45ac642779eaf51936dc|2024-04-22|18:19:07|1713824347|health_fitness|61.26|0|Hirthe-Beier|45.472310|-122.970297
507-52-3998|4163287083172781|William|Larson|M|868 Merritt Summit Suite 743|Hillsboro|OR|97124|45.5387|-122.9636|92886|Health and safety inspector|2004-01-23|857987636625|young_adults_male_urban.json|9f326f2d79029e0942ac32016c732a5c|2024-02-24|23:20:43|1708834843|misc_pos|122.70|0|Yost, Block and Koepp|45.075194|-123.785093
507-52-3998|4163287083172781|William|Larson|M|868 Merritt Summit Suite 743|Hillsboro|OR|97124|45.5387|-122.9636|92886|Health and safety inspector|2004-01-23|857987636625|young_adults_male_urban.json|991ade286447af7b308798233bd9afd8|2024-05-02|15:50:00|1714679400|home|57.64|0|Pollich LLC|45.338617|-123.793804
507-52-3998|4163287083172781|William|Larson|M|868 Merritt Summit Suite 743|Hillsboro|OR|97124|45.5387|-122.9636|92886|Health and safety inspector|2004-01-23|857987636625|young_adults_male_urban.json|58c1785aa7cb37527fd4495f21f87376|2024-03-12|20:23:57|1710289437|shopping_net|27.30|0|Little, Gutmann and Lynch|46.252937|-123.082673
507-52-3998|4163287083172781|William|Larson|M|868 Merritt Summit Suite 743|Hillsboro|OR|97124|45.5387|-122.9636|92886|Health and safety inspector|2004-01-23|857987636625|young_adults_male_urban.json|bb1d66bd4d49d1d16be7394398ea053b|2024-03-30|16:03:29|1711829009|shopping_pos|192.64|0|Okuneva, Schneider and Rau|46.216990|-123.688268
507-52-3998|4163287083172781|William|Larson|M|868 Merritt Summit Suite 743|Hillsboro|OR|97124|45.5387|-122.9636|92886|Health and safety inspector|2004-01-23|857987636625|young_adults_male_urban.json|572819401c44f3b15a25a814f1b5721e|2024-03-15|17:37:54|1710538674|shopping_net|195.60|0|Ruecker, Beer and Collier|46.343152|-123.630553
507-52-3998|4163287083172781|William|Larson|M|868 Merritt Summit Suite 743|Hillsboro|OR|97124|45.5387|-122.9636|92886|Health and safety inspector|2004-01-23|857987636625|young_adults_male_urban.json|cf11e53752b4d8de182b5f7b42aa49eb|2024-03-17|19:54:43|1710719683|shopping_pos|10.07|0|Kuhn LLC|44.806455|-122.070238
507-52-3998|4163287083172781|William|Larson|M|868 Merritt Summit Suite 743|Hillsboro|OR|97124|45.5387|-122.9636|92886|Health and safety inspector|2004-01-23|857987636625|young_adults_male_urban.json|9a0bbfa4eb41146dae69bfce6279e2fd|2024-05-28|16:55:33|1716929733|personal_care|32.86|0|Gottlieb-Hansen|46.040448|-123.746558
507-52-3998|4163287083172781|William|Larson|M|868 Merritt Summit Suite 743|Hillsboro|OR|97124|45.5387|-122.9636|92886|Health and safety inspector|2004-01-23|857987636625|young_adults_male_urban.json|5e152fdde56f7a29d44f498086b9b2ef|2024-03-29|15:54:06|1711742046|shopping_pos|68.34|0|Pacocha-Bauch|45.673694|-123.308021
507-52-3998|4163287083172781|William|Larson|M|868 Merritt Summit Suite 743|Hillsboro|OR|97124|45.5387|-122.9636|92886|Health and safety inspector|2004-01-23|857987636625|young_adults_male_urban.json|969752907e85a1589f3aaec050a66565|2024-04-27|13:32:28|1714239148|health_fitness|14.60|0|Adams-Barrows|45.076487|-122.105670
507-52-3998|4163287083172781|William|Larson|M|868 Merritt Summit Suite 743|Hillsboro|OR|97124|45.5387|-122.9636|92886|Health and safety inspector|2004-01-23|857987636625|young_adults_male_urban.json|cc063fc741c27acdb2a84c6f29d9828d|2024-02-10|14:47:38|1707594458|grocery_pos|134.21|0|Heidenreich PLC|45.871520|-123.916204
507-52-3998|4163287083172781|William|Larson|M|868 Merritt Summit Suite 743|Hillsboro|OR|97124|45.5387|-122.9636|92886|Health and safety inspector|2004-01-23|857987636625|young_adults_male_urban.json|5beb4b06be37fe6978d0cc2d124adc20|2024-02-10|15:49:19|1707598159|grocery_pos|34.59|0|Kovacek, Dibbert and Ondricka|46.253536|-123.701520
507-52-3998|4163287083172781|William|Larson|M|868 Merritt Summit Suite 743|Hillsboro|OR|97124|45.5387|-122.9636|92886|Health and safety inspector|2004-01-23|857987636625|young_adults_male_urban.json|241561e0b8d45c18452f0dfaf922cabb|2024-03-17|13:43:16|1710697396|shopping_pos|21.16|0|Conroy Ltd|45.148542|-122.251896
507-52-3998|4163287083172781|William|Larson|M|868 Merritt Summit Suite 743|Hillsboro|OR|97124|45.5387|-122.9636|92886|Health and safety inspector|2004-01-23|857987636625|young_adults_male_urban.json|773c5aa0312a7871862c22dc4b7176fd|2024-05-31|17:40:45|1717191645|travel|147.76|0|McLaughlin, Armstrong and Koepp|45.699502|-123.370595
507-52-3998|4163287083172781|William|Larson|M|868 Merritt Summit Suite 743|Hillsboro|OR|97124|45.5387|-122.9636|92886|Health and safety inspector|2004-01-23|857987636625|young_adults_male_urban.json|81f4491676be7364b3aa46ac079c67c1|2024-02-10|16:28:30|1707600510|grocery_pos|101.42|0|Mosciski, Gislason and Mertz|45.880506|-122.474239
507-52-3998|4163287083172781|William|Larson|M|868 Merritt Summit Suite 743|Hillsboro|OR|97124|45.5387|-122.9636|92886|Health and safety inspector|2004-01-23|857987636625|young_adults_male_urban.json|534cc8c399c3cf055bfeb66be81c638d|2024-03-30|19:31:28|1711841488|shopping_pos|16.38|0|Pfeffer and Sons|45.050750|-122.246851
507-52-3998|4163287083172781|William|Larson|M|868 Merritt Summit Suite 743|Hillsboro|OR|97124|45.5387|-122.9636|92886|Health and safety inspector|2004-01-23|857987636625|young_adults_male_urban.json|49f8b730445e3333356be49c83cfb58d|2024-03-15|15:28:58|1710530938|shopping_net|23.13|0|Gleason-Macejkovic|46.512204|-122.236718
507-52-3998|4163287083172781|William|Larson|M|868 Merritt Summit Suite 743|Hillsboro|OR|97124|45.5387|-122.9636|92886|Health and safety inspector|2004-01-23|857987636625|young_adults_male_urban.json|a0b0eb9ce93bbf8ed980a6edcdf08892|2024-05-19|20:04:13|1716163453|kids_pets|24.98|0|Schaefer Ltd|44.692348|-122.200779
507-52-3998|4163287083172781|William|Larson|M|868 Merritt Summit Suite 743|Hillsboro|OR|97124|45.5387|-122.9636|92886|Health and safety inspector|2004-01-23|857987636625|young_adults_male_urban.json|185e9cc237fa4707cec3bddab483834c|2024-04-12|17:52:58|1712958778|food_dining|2.89|0|Graham, Hegmann and Hammes|46.375814|-122.891489
507-52-3998|4163287083172781|William|Larson|M|868 Merritt Summit Suite 743|Hillsboro|OR|97124|45.5387|-122.9636|92886|Health and safety inspector|2004-01-23|857987636625|young_adults_male_urban.json|b6360317b78eed7fb93e3d9543cf2c37|2024-05-25|20:38:40|1716683920|personal_care|46.23|0|Lubowitz, Terry and Stracke|45.412559|-122.712932
507-52-3998|4163287083172781|William|Larson|M|868 Merritt Summit Suite 743|Hillsboro|OR|97124|45.5387|-122.9636|92886|Health and safety inspector|2004-01-23|857987636625|young_adults_male_urban.json|1e03657a6e41e76dd877f29121c1a498|2024-03-27|23:13:14|1711595594|shopping_pos|123.60|0|Metz-Boehm|44.571612|-122.489998
507-52-3998|4163287083172781|William|Larson|M|868 Merritt Summit Suite 743|Hillsboro|OR|97124|45.5387|-122.9636|92886|Health and safety inspector|2004-01-23|857987636625|young_adults_male_urban.json|4537995d7a7bb0f2a3270a9a72561ee5|2024-03-16|16:29:02|1710620942|shopping_pos|134.55|0|Kuhn LLC|46.301883|-123.895675
507-52-3998|4163287083172781|William|Larson|M|868 Merritt Summit Suite 743|Hillsboro|OR|97124|45.5387|-122.9636|92886|Health and safety inspector|2004-01-23|857987636625|young_adults_male_urban.json|3064eb3b9f94af3daa6c10d44e58a085|2024-03-14|15:25:50|1710444350|shopping_net|22.41|0|Gottlieb, Considine and Schultz|46.328286|-122.261969
507-52-3998|4163287083172781|William|Larson|M|868 Merritt Summit Suite 743|Hillsboro|OR|97124|45.5387|-122.9636|92886|Health and safety inspector|2004-01-23|857987636625|young_adults_male_urban.json|493a5f6111283ab716db90f1a6418042|2024-05-31|20:32:12|1717201932|travel|16.72|0|Boyer-Haley|45.933579|-122.774924
507-52-3998|4163287083172781|William|Larson|M|868 Merritt Summit Suite 743|Hillsboro|OR|97124|45.5387|-122.9636|92886|Health and safety inspector|2004-01-23|857987636625|young_adults_male_urban.json|c5fa7c41bdd53e10ba9bbe2478e33b29|2024-05-04|19:29:31|1714865371|home|45.53|0|O'Reilly, Mohr and Purdy|45.979226|-122.473971
507-52-3998|4163287083172781|William|Larson|M|868 Merritt Summit Suite 743|Hillsboro|OR|97124|45.5387|-122.9636|92886|Health and safety inspector|2004-01-23|857987636625|young_adults_male_urban.json|e7111c68350550606ae0050e8ca6f6f4|2024-05-12|22:12:33|1715566353|kids_pets|3.19|0|Lang, Towne and Schuppe|45.569837|-123.680306
507-52-3998|4163287083172781|William|Larson|M|868 Merritt Summit Suite 743|Hillsboro|OR|97124|45.5387|-122.9636|92886|Health and safety inspector|2004-01-23|857987636625|young_adults_male_urban.json|16142dc8635eed253f5cc22bfa29af6e|2024-02-09|16:14:08|1707513248|grocery_pos|48.11|0|Koepp-Witting|44.955274|-122.569668
507-52-3998|4163287083172781|William|Larson|M|868 Merritt Summit Suite 743|Hillsboro|OR|97124|45.5387|-122.9636|92886|Health and safety inspector|2004-01-23|857987636625|young_adults_male_urban.json|8c615da4ffa2bfa1d82c276f6fca9ead|2024-05-18|13:30:24|1716053424|kids_pets|46.76|0|Schaefer Ltd|46.484648|-122.394993
507-52-3998|4163287083172781|William|Larson|M|868 Merritt Summit Suite 743|Hillsboro|OR|97124|45.5387|-122.9636|92886|Health and safety inspector|2004-01-23|857987636625|young_adults_male_urban.json|3b110958178cef4b10c04de2e0dee848|2024-05-16|16:53:33|1715892813|kids_pets|5.18|0|Daugherty LLC|45.267887|-122.091960
507-52-3998|4163287083172781|William|Larson|M|868 Merritt Summit Suite 743|Hillsboro|OR|97124|45.5387|-122.9636|92886|Health and safety inspector|2004-01-23|857987636625|young_adults_male_urban.json|ce7691e209637b4d3c4796f6a9ead45f|2024-05-17|13:17:34|1715966254|kids_pets|26.08|0|Daugherty LLC|45.721005|-123.587061
507-52-3998|4163287083172781|William|Larson|M|868 Merritt Summit Suite 743|Hillsboro|OR|97124|45.5387|-122.9636|92886|Health and safety inspector|2004-01-23|857987636625|young_adults_male_urban.json|1d85f033d2776885d14b25693b487cea|2024-04-25|19:35:45|1714088145|health_fitness|7.43|0|Jacobi Inc|46.152833|-122.116235
507-52-3998|4163287083172781|William|Larson|M|868 Merritt Summit Suite 743|Hillsboro|OR|97124|45.5387|-122.9636|92886|Health and safety inspector|2004-01-23|857987636625|young_adults_male_urban.json|3eec434c6168f506ecd93ea41981519d|2024-03-27|12:08:29|1711555709|shopping_pos|18.47|0|Willms, Kris and Bergnaum|45.697047|-123.394046
507-52-3998|4163287083172781|William|Larson|M|868 Merritt Summit Suite 743|Hillsboro|OR|97124|45.5387|-122.9636|92886|Health and safety inspector|2004-01-23|857987636625|young_adults_male_urban.json|e22e7403fd766896cef219ce3cad4505|2024-03-30|20:38:46|1711845526|shopping_pos|3.43|0|Pfeffer and Sons|44.847169|-123.044251
507-52-3998|4163287083172781|William|Larson|M|868 Merritt Summit Suite 743|Hillsboro|OR|97124|45.5387|-122.9636|92886|Health and safety inspector|2004-01-23|857987636625|young_adults_male_urban.json|ce17dcb5e31db20dcd99167f51d97a2b|2024-05-24|21:39:48|1716601188|personal_care|11.73|0|Sporer-Keebler|45.368837|-123.751448
507-52-3998|4163287083172781|William|Larson|M|868 Merritt Summit Suite 743|Hillsboro|OR|97124|45.5387|-122.9636|92886|Health and safety inspector|2004-01-23|857987636625|young_adults_male_urban.json|e452605b7b6d87380063a34d2d806b6d|2024-06-01|14:10:17|1717265417|travel|6.01|0|Ebert-Daugherty|46.088702|-122.620891
507-52-3998|4163287083172781|William|Larson|M|868 Merritt Summit Suite 743|Hillsboro|OR|97124|45.5387|-122.9636|92886|Health and safety inspector|2004-01-23|857987636625|young_adults_male_urban.json|7178cb80bca005fe7a471feafd811eda|2024-02-29|17:52:08|1709247128|misc_pos|4.72|0|Wisozk and Sons|45.358225|-122.552654
507-52-3998|4163287083172781|William|Larson|M|868 Merritt Summit Suite 743|Hillsboro|OR|97124|45.5387|-122.9636|92886|Health and safety inspector|2004-01-23|857987636625|young_adults_male_urban.json|886845a446514b9aa2e04a1ae9c6b406|2024-03-18|16:19:27|1710793167|shopping_pos|7.78|0|Stoltenberg-Beatty|45.524145|-123.880424
507-52-3998|4163287083172781|William|Larson|M|868 Merritt Summit Suite 743|Hillsboro|OR|97124|45.5387|-122.9636|92886|Health and safety inspector|2004-01-23|857987636625|young_adults_male_urban.json|cb3140b3865ffc664f8a2e957cb4d733|2024-05-31|16:01:02|1717185662|travel|172.25|0|Kessler Group|46.410809|-123.691976
507-52-3998|4163287083172781|William|Larson|M|868 Merritt Summit Suite 743|Hillsboro|OR|97124|45.5387|-122.9636|92886|Health and safety inspector|2004-01-23|857987636625|young_adults_male_urban.json|7f804865e2bf89f319ba00c1143d0ff9|2024-03-31|19:52:00|1711929120|entertainment|4.50|0|Johns Inc|45.876583|-123.905464
507-52-3998|4163287083172781|William|Larson|M|868 Merritt Summit Suite 743|Hillsboro|OR|97124|45.5387|-122.9636|92886|Health and safety inspector|2004-01-23|857987636625|young_adults_male_urban.json|3814c265242627175f598214eedf5941|2024-05-04|14:50:38|1714848638|home|33.07|0|Kutch-Ferry|46.254533|-123.516611
507-52-3998|4163287083172781|William|Larson|M|868 Merritt Summit Suite 743|Hillsboro|OR|97124|45.5387|-122.9636|92886|Health and safety inspector|2004-01-23|857987636625|young_adults_male_urban.json|1f39a2481d87f5780fc92323d721fa1c|2024-03-03|18:52:02|1709509922|misc_pos|2.14|0|Howe Ltd|45.806473|-123.534272
507-52-3998|4163287083172781|William|Larson|M|868 Merritt Summit Suite 743|Hillsboro|OR|97124|45.5387|-122.9636|92886|Health and safety inspector|2004-01-23|857987636625|young_adults_male_urban.json|6f6136ad967fbfbd71491f9934e8d306|2024-03-15|22:43:59|1710557039|shopping_net|15.69|0|Zboncak, Rowe and Murazik|46.418337|-123.763204
507-52-3998|4163287083172781|William|Larson|M|868 Merritt Summit Suite 743|Hillsboro|OR|97124|45.5387|-122.9636|92886|Health and safety inspector|2004-01-23|857987636625|young_adults_male_urban.json|e75c16838a7a67615a5bee958cb60e59|2024-02-25|19:04:35|1708905875|misc_pos|27.53|0|Williamson LLC|44.672083|-123.940787
507-52-3998|4163287083172781|William|Larson|M|868 Merritt Summit Suite 743|Hillsboro|OR|97124|45.5387|-122.9636|92886|Health and safety inspector|2004-01-23|857987636625|young_adults_male_urban.json|1de2a167fe03c53e982580cf435deb64|2024-05-27|16:14:12|1716840852|personal_care|48.36|0|Labadie LLC|46.364613|-122.727989
507-52-3998|4163287083172781|William|Larson|M|868 Merritt Summit Suite 743|Hillsboro|OR|97124|45.5387|-122.9636|92886|Health and safety inspector|2004-01-23|857987636625|young_adults_male_urban.json|35c12faa25774dbb322bfa930dfb2202|2024-03-23|14:00:10|1711216810|shopping_pos|45.43|0|Hudson-Grady|45.330736|-123.010128
507-52-3998|4163287083172781|William|Larson|M|868 Merritt Summit Suite 743|Hillsboro|OR|97124|45.5387|-122.9636|92886|Health and safety inspector|2004-01-23|857987636625|young_adults_male_urban.json|4ee94eab5e12c62198ba9d71bb2ab2ec|2024-04-28|16:51:39|1714337499|health_fitness|33.32|0|Kulas Group|46.495703|-123.077849
507-52-3998|4163287083172781|William|Larson|M|868 Merritt Summit Suite 743|Hillsboro|OR|97124|45.5387|-122.9636|92886|Health and safety inspector|2004-01-23|857987636625|young_adults_male_urban.json|bd0840a9339502c44720974696dad437|2024-04-13|18:14:24|1713046464|food_dining|2.56|0|Abernathy and Sons|46.427216|-123.564918
507-52-3998|4163287083172781|William|Larson|M|868 Merritt Summit Suite 743|Hillsboro|OR|97124|45.5387|-122.9636|92886|Health and safety inspector|2004-01-23|857987636625|young_adults_male_urban.json|11bf7b3a8df033b496cbb93dccc82276|2024-02-16|18:58:54|1708127934|misc_net|5.57|0|Jaskolski-Vandervort|45.426297|-123.373124
507-52-3998|4163287083172781|William|Larson|M|868 Merritt Summit Suite 743|Hillsboro|OR|97124|45.5387|-122.9636|92886|Health and safety inspector|2004-01-23|857987636625|young_adults_male_urban.json|c5174b23b531dc4868604953e050158d|2024-03-18|16:08:20|1710792500|shopping_pos|17.32|0|Douglas, Schneider and Turner|45.039142|-123.516022
507-52-3998|4163287083172781|William|Larson|M|868 Merritt Summit Suite 743|Hillsboro|OR|97124|45.5387|-122.9636|92886|Health and safety inspector|2004-01-23|857987636625|young_adults_male_urban.json|46ba8ab29e13c628d3521d5c94da0818|2024-04-21|16:36:35|1713731795|health_fitness|10.07|0|Friesen Ltd|46.330335|-123.240406
507-52-3998|4163287083172781|William|Larson|M|868 Merritt Summit Suite 743|Hillsboro|OR|97124|45.5387|-122.9636|92886|Health and safety inspector|2004-01-23|857987636625|young_adults_male_urban.json|8e002ef80149699027cb20a758fb80fe|2024-04-13|12:53:28|1713027208|food_dining|71.32|0|Conroy-Emard|45.504726|-123.043599
507-52-3998|4163287083172781|William|Larson|M|868 Merritt Summit Suite 743|Hillsboro|OR|97124|45.5387|-122.9636|92886|Health and safety inspector|2004-01-23|857987636625|young_adults_male_urban.json|4415b375e13ce03ff91de45df98022c3|2024-03-15|18:57:20|1710543440|shopping_net|60.27|0|Boyer-Reichert|44.739981|-122.705747
507-52-3998|4163287083172781|William|Larson|M|868 Merritt Summit Suite 743|Hillsboro|OR|97124|45.5387|-122.9636|92886|Health and safety inspector|2004-01-23|857987636625|young_adults_male_urban.json|75d482cae05ccf9bc4402234b21655e6|2024-05-08|23:22:30|1715224950|home|11.24|0|Prosacco, Kreiger and Kovacek|44.543721|-123.152336
507-52-3998|4163287083172781|William|Larson|M|868 Merritt Summit Suite 743|Hillsboro|OR|97124|45.5387|-122.9636|92886|Health and safety inspector|2004-01-23|857987636625|young_adults_male_urban.json|9609be3c62b66d386eb5ec398f3c31d1|2024-05-17|22:17:22|1715998642|kids_pets|263.56|0|Rau-Grant|46.252931|-122.982833
507-52-3998|4163287083172781|William|Larson|M|868 Merritt Summit Suite 743|Hillsboro|OR|97124|45.5387|-122.9636|92886|Health and safety inspector|2004-01-23|857987636625|young_adults_male_urban.json|a2b1a7bb9cfaa68cc2743e9295bffdf6|2024-02-18|22:21:07|1708312867|misc_net|10.35|0|Brown PLC|45.112705|-122.239632
507-52-3998|4163287083172781|William|Larson|M|868 Merritt Summit Suite 743|Hillsboro|OR|97124|45.5387|-122.9636|92886|Health and safety inspector|2004-01-23|857987636625|young_adults_male_urban.json|adc6f65296aeb14efc31d2604f74fb4a|2024-03-16|23:26:32|1710645992|shopping_net|32.69|0|Fisher Inc|44.926273|-123.147523
507-52-3998|4163287083172781|William|Larson|M|868 Merritt Summit Suite 743|Hillsboro|OR|97124|45.5387|-122.9636|92886|Health and safety inspector|2004-01-23|857987636625|young_adults_male_urban.json|1e421d722113ac2103c3553aca50f747|2024-03-29|19:49:50|1711756190|shopping_pos|6.13|0|Okuneva, Schneider and Rau|45.495332|-123.328306
507-52-3998|4163287083172781|William|Larson|M|868 Merritt Summit Suite 743|Hillsboro|OR|97124|45.5387|-122.9636|92886|Health and safety inspector|2004-01-23|857987636625|young_adults_male_urban.json|91ddeea0b53481f0ee6823065e21954c|2024-02-23|17:09:26|1708726166|misc_net|106.88|0|Flatley-Durgan|45.320887|-123.062417
507-52-3998|4163287083172781|William|Larson|M|868 Merritt Summit Suite 743|Hillsboro|OR|97124|45.5387|-122.9636|92886|Health and safety inspector|2004-01-23|857987636625|young_adults_male_urban.json|2c98bcf275256abfe856f8bcabff396a|2024-03-02|18:09:07|1709420947|misc_pos|15.22|0|McCullough LLC|45.740773|-123.811811
507-52-3998|4163287083172781|William|Larson|M|868 Merritt Summit Suite 743|Hillsboro|OR|97124|45.5387|-122.9636|92886|Health and safety inspector|2004-01-23|857987636625|young_adults_male_urban.json|fe8c7c21f9c25853f5def91b5efae6dc|2024-03-20|16:59:48|1710968388|shopping_pos|4.04|0|Pfeffer and Sons|45.041215|-122.769615
507-52-3998|4163287083172781|William|Larson|M|868 Merritt Summit Suite 743|Hillsboro|OR|97124|45.5387|-122.9636|92886|Health and safety inspector|2004-01-23|857987636625|young_adults_male_urban.json|457fc77c89128d95a9aae23bc4b8c40e|2024-02-25|16:46:09|1708897569|misc_pos|139.87|0|Flatley Group|45.719387|-122.478209
507-52-3998|4163287083172781|William|Larson|M|868 Merritt Summit Suite 743|Hillsboro|OR|97124|45.5387|-122.9636|92886|Health and safety inspector|2004-01-23|857987636625|young_adults_male_urban.json|edef0399018c4f4e9ee8bbea549b5544|2024-03-10|12:15:50|1710087350|shopping_net|13.57|0|Lemke-Gutmann|45.222139|-121.988133
507-52-3998|4163287083172781|William|Larson|M|868 Merritt Summit Suite 743|Hillsboro|OR|97124|45.5387|-122.9636|92886|Health and safety inspector|2004-01-23|857987636625|young_adults_male_urban.json|4c38df091cab70c24f3ca0a39f87185a|2024-05-15|17:28:11|1715808491|kids_pets|88.82|0|Lang, Towne and Schuppe|46.327231|-122.655995
507-52-3998|4163287083172781|William|Larson|M|868 Merritt Summit Suite 743|Hillsboro|OR|97124|45.5387|-122.9636|92886|Health and safety inspector|2004-01-23|857987636625|young_adults_male_urban.json|c8055c104c07ac2220d2016dce701a3c|2024-02-14|23:35:01|1707971701|misc_net|9.99|0|Block-Parisian|45.529008|-122.029759
507-52-3998|4163287083172781|William|Larson|M|868 Merritt Summit Suite 743|Hillsboro|OR|97124|45.5387|-122.9636|92886|Health and safety inspector|2004-01-23|857987636625|young_adults_male_urban.json|cf827e9c37aacb3bc8698d53783a2eea|2024-04-12|12:39:16|1712939956|food_dining|10.63|0|Turner, Ziemann and Lehner|45.976064|-123.863444
507-52-3998|4163287083172781|William|Larson|M|868 Merritt Summit Suite 743|Hillsboro|OR|97124|45.5387|-122.9636|92886|Health and safety inspector|2004-01-23|857987636625|young_adults_male_urban.json|a3d2e1b8e1e961e8f36d8cd9bc4479f3|2024-04-06|20:59:45|1712451585|entertainment|13.39|0|Beier LLC|45.246274|-122.027387
507-52-3998|4163287083172781|William|Larson|M|868 Merritt Summit Suite 743|Hillsboro|OR|97124|45.5387|-122.9636|92886|Health and safety inspector|2004-01-23|857987636625|young_adults_male_urban.json|facf6133067360bb3cdfdc8d2932c6b1|2024-03-16|18:45:43|1710629143|shopping_net|122.53|0|Ankunding LLC|45.396210|-123.714576
507-52-3998|4163287083172781|William|Larson|M|868 Merritt Summit Suite 743|Hillsboro|OR|97124|45.5387|-122.9636|92886|Health and safety inspector|2004-01-23|857987636625|young_adults_male_urban.json|b83b88f8393913e01c27274e72320718|2024-03-09|14:28:40|1710012520|shopping_net|9.88|0|Hills-Witting|46.238370|-123.302568
507-52-3998|4163287083172781|William|Larson|M|868 Merritt Summit Suite 743|Hillsboro|OR|97124|45.5387|-122.9636|92886|Health and safety inspector|2004-01-23|857987636625|young_adults_male_urban.json|f926d0205fa514bcbcadaf10d05d11ca|2024-02-17|22:04:17|1708225457|misc_net|5.02|0|Nader-Heller|46.500741|-123.690403
507-52-3998|4163287083172781|William|Larson|M|868 Merritt Summit Suite 743|Hillsboro|OR|97124|45.5387|-122.9636|92886|Health and safety inspector|2004-01-23|857987636625|young_adults_male_urban.json|ff505dda59cb7ef9aa8f02543f8e0d5c|2024-02-16|13:24:41|1708107881|misc_net|176.37|0|Moore, Dibbert and Koepp|45.718294|-123.611405
507-52-3998|4163287083172781|William|Larson|M|868 Merritt Summit Suite 743|Hillsboro|OR|97124|45.5387|-122.9636|92886|Health and safety inspector|2004-01-23|857987636625|young_adults_male_urban.json|f1308b7ad7dbf6785a3ab60b1cda820e|2024-05-16|22:32:19|1715913139|kids_pets|119.35|0|Wilkinson PLC|46.216940|-123.124454
507-52-3998|4163287083172781|William|Larson|M|868 Merritt Summit Suite 743|Hillsboro|OR|97124|45.5387|-122.9636|92886|Health and safety inspector|2004-01-23|857987636625|young_adults_male_urban.json|91e316af1080f299024a43d2a559155e|2024-03-16|13:18:00|1710609480|shopping_pos|5.54|0|Morissette PLC|45.171173|-121.994722
507-52-3998|4163287083172781|William|Larson|M|868 Merritt Summit Suite 743|Hillsboro|OR|97124|45.5387|-122.9636|92886|Health and safety inspector|2004-01-23|857987636625|young_adults_male_urban.json|93e9e087a4c875bfd2685d2a05eded60|2024-05-04|21:49:48|1714873788|home|2.80|0|Kutch-Ferry|46.093410|-122.174428
507-52-3998|4163287083172781|William|Larson|M|868 Merritt Summit Suite 743|Hillsboro|OR|97124|45.5387|-122.9636|92886|Health and safety inspector|2004-01-23|857987636625|young_adults_male_urban.json|927b950dd9f423ab59f89a92cee645f4|2024-03-18|23:43:41|1710819821|shopping_pos|9.62|0|Schuppe, Nolan and Hoeger|45.911541|-122.836499
507-52-3998|4163287083172781|William|Larson|M|868 Merritt Summit Suite 743|Hillsboro|OR|97124|45.5387|-122.9636|92886|Health and safety inspector|2004-01-23|857987636625|young_adults_male_urban.json|374970b3b190cec8b4ae47e9a5342ed8|2024-02-23|14:02:35|1708714955|misc_net|5.66|0|Bednar Group|45.570061|-123.351890
507-52-3998|4163287083172781|William|Larson|M|868 Merritt Summit Suite 743|Hillsboro|OR|97124|45.5387|-122.9636|92886|Health and safety inspector|2004-01-23|857987636625|young_adults_male_urban.json|f4953cea3c63461b0d3625c695145c37|2024-05-21|14:10:05|1716315005|kids_pets|7.92|0|Rau-Robel|46.237532|-122.404439
507-52-3998|4163287083172781|William|Larson|M|868 Merritt Summit Suite 743|Hillsboro|OR|97124|45.5387|-122.9636|92886|Health and safety inspector|2004-01-23|857987636625|young_adults_male_urban.json|7d2ec89b2d9ec787875c494803edde13|2024-03-17|20:25:56|1710721556|shopping_pos|8.20|0|Baumbach, Hodkiewicz and Walsh|45.310911|-122.299634
507-52-3998|4163287083172781|William|Larson|M|868 Merritt Summit Suite 743|Hillsboro|OR|97124|45.5387|-122.9636|92886|Health and safety inspector|2004-01-23|857987636625|young_adults_male_urban.json|ecd24e546e662dd8cbae0ea289f093c9|2024-03-13|18:58:29|1710370709|shopping_net|1.21|0|Stanton, Jakubowski and Baumbach|45.755493|-123.029908
507-52-3998|4163287083172781|William|Larson|M|868 Merritt Summit Suite 743|Hillsboro|OR|97124|45.5387|-122.9636|92886|Health and safety inspector|2004-01-23|857987636625|young_adults_male_urban.json|1d90308b7006b87ecacffdcad4cd3394|2024-03-25|15:40:01|1711395601|shopping_pos|2.18|0|Goyette, Howell and Collier|46.005331|-123.881829
507-52-3998|4163287083172781|William|Larson|M|868 Merritt Summit Suite 743|Hillsboro|OR|97124|45.5387|-122.9636|92886|Health and safety inspector|2004-01-23|857987636625|young_adults_male_urban.json|ea768303ff68fb51f8e7b4e4eeaed207|2024-05-19|20:20:00|1716164400|kids_pets|4.89|0|Breitenberg-Hermiston|44.679379|-122.803786
507-52-3998|4163287083172781|William|Larson|M|868 Merritt Summit Suite 743|Hillsboro|OR|97124|45.5387|-122.9636|92886|Health and safety inspector|2004-01-23|857987636625|young_adults_male_urban.json|969b149cbb9f25c4b473d1bb1eaf02bb|2024-05-03|21:20:45|1714785645|home|9.46|0|Wuckert, Wintheiser and Friesen|44.649891|-122.185660
507-52-3998|4163287083172781|William|Larson|M|868 Merritt Summit Suite 743|Hillsboro|OR|97124|45.5387|-122.9636|92886|Health and safety inspector|2004-01-23|857987636625|young_adults_male_urban.json|fc304eda0bd1c83f3f7f8f50b2f8895e|2024-04-23|12:28:49|1713889729|health_fitness|4.28|0|Carroll PLC|44.608544|-123.544330
507-52-3998|4163287083172781|William|Larson|M|868 Merritt Summit Suite 743|Hillsboro|OR|97124|45.5387|-122.9636|92886|Health and safety inspector|2004-01-23|857987636625|young_adults_male_urban.json|e4c81a07cd521f609d95177c39cc7ba3|2024-03-30|14:05:49|1711821949|shopping_pos|8.37|0|Jacobi and Sons|45.551636|-123.323148
507-52-3998|4163287083172781|William|Larson|M|868 Merritt Summit Suite 743|Hillsboro|OR|97124|45.5387|-122.9636|92886|Health and safety inspector|2004-01-23|857987636625|young_adults_male_urban.json|764463b7d9ba0441711b772377a89753|2024-03-29|21:48:07|1711763287|shopping_pos|5.04|0|Swaniawski, Lowe and Robel|45.323677|-122.128250
507-52-3998|4163287083172781|William|Larson|M|868 Merritt Summit Suite 743|Hillsboro|OR|97124|45.5387|-122.9636|92886|Health and safety inspector|2004-01-23|857987636625|young_adults_male_urban.json|dc40dc2f9449849f70591c1b1f2e9d98|2024-03-04|13:07:14|1709575634|shopping_net|6.25|0|Auer-West|45.956888|-122.701992
507-52-3998|4163287083172781|William|Larson|M|868 Merritt Summit Suite 743|Hillsboro|OR|97124|45.5387|-122.9636|92886|Health and safety inspector|2004-01-23|857987636625|young_adults_male_urban.json|ebdd08c9fe661a0ccf3b3353eec5b5e6|2024-05-09|22:34:50|1715308490|home|3171.05|0|Witting, Beer and Ernser|45.995628|-123.397486
507-52-3998|4163287083172781|William|Larson|M|868 Merritt Summit Suite 743|Hillsboro|OR|97124|45.5387|-122.9636|92886|Health and safety inspector|2004-01-23|857987636625|young_adults_male_urban.json|f259f05c2927a554b5a2fb7df28c3841|2024-05-18|12:46:02|1716050762|kids_pets|4.13|0|Bogisich-Weimann|46.227799|-122.457125
507-52-3998|4163287083172781|William|Larson|M|868 Merritt Summit Suite 743|Hillsboro|OR|97124|45.5387|-122.9636|92886|Health and safety inspector|2004-01-23|857987636625|young_adults_male_urban.json|394824028cad530da874d87407bff421|2024-03-27|16:59:30|1711573170|shopping_pos|5.27|0|Pouros-Conroy|45.002654|-122.816125
507-52-3998|4163287083172781|William|Larson|M|868 Merritt Summit Suite 743|Hillsboro|OR|97124|45.5387|-122.9636|92886|Health and safety inspector|2004-01-23|857987636625|young_adults_male_urban.json|2f0e235316648c68983dd25297ed8498|2024-04-21|23:02:56|1713754976|food_dining|7.39|0|Powlowski-Weimann|46.477534|-122.854656
507-52-3998|4163287083172781|William|Larson|M|868 Merritt Summit Suite 743|Hillsboro|OR|97124|45.5387|-122.9636|92886|Health and safety inspector|2004-01-23|857987636625|young_adults_male_urban.json|21979a94568178351bace5cf66c5d8bb|2024-02-10|13:31:29|1707589889|grocery_pos|4.95|0|Schumm, Bauch and Ondricka|45.091289|-123.542264
507-52-3998|4163287083172781|William|Larson|M|868 Merritt Summit Suite 743|Hillsboro|OR|97124|45.5387|-122.9636|92886|Health and safety inspector|2004-01-23|857987636625|young_adults_male_urban.json|bc08afcb8c5d77b0ce939d8a28824e53|2024-05-13|13:32:55|1715621575|kids_pets|7.15|0|Metz, Russel and Metz|45.687454|-123.327686
507-52-3998|4163287083172781|William|Larson|M|868 Merritt Summit Suite 743|Hillsboro|OR|97124|45.5387|-122.9636|92886|Health and safety inspector|2004-01-23|857987636625|young_adults_male_urban.json|9ba4910ad52161c4f861745ceadc2cfe|2024-02-25|19:58:25|1708909105|misc_pos|3.68|0|Bruen-Yost|45.689181|-122.967978
507-52-3998|4163287083172781|William|Larson|M|868 Merritt Summit Suite 743|Hillsboro|OR|97124|45.5387|-122.9636|92886|Health and safety inspector|2004-01-23|857987636625|young_adults_male_urban.json|cf2756cc8ce47a961dbd59419776eb65|2024-02-12|21:52:01|1707792721|grocery_pos|4.66|0|Lockman, West and Runte|45.586052|-123.676697
507-52-3998|4163287083172781|William|Larson|M|868 Merritt Summit Suite 743|Hillsboro|OR|97124|45.5387|-122.9636|92886|Health and safety inspector|2004-01-23|857987636625|young_adults_male_urban.json|e1ad8f3f4b378323f77bfa5e4761aeb8|2024-03-09|12:06:59|1710004019|shopping_net|7.78|0|Fisher-Schowalter|44.940956|-123.937055
507-52-3998|4163287083172781|William|Larson|M|868 Merritt Summit Suite 743|Hillsboro|OR|97124|45.5387|-122.9636|92886|Health and safety inspector|2004-01-23|857987636625|young_adults_male_urban.json|6d3908f6ce90094a2790676a8131da0b|2024-04-20|22:23:51|1713666231|food_dining|3.31|0|Graham, Hegmann and Hammes|45.126286|-122.098571
507-52-3998|4163287083172781|William|Larson|M|868 Merritt Summit Suite 743|Hillsboro|OR|97124|45.5387|-122.9636|92886|Health and safety inspector|2004-01-23|857987636625|young_adults_male_urban.json|3f83e14314510e027771cc920a98d797|2024-04-28|19:24:47|1714346687|health_fitness|4.15|0|Swaniawski, Nitzsche and Welch|45.621828|-123.457362
507-52-3998|4163287083172781|William|Larson|M|868 Merritt Summit Suite 743|Hillsboro|OR|97124|45.5387|-122.9636|92886|Health and safety inspector|2004-01-23|857987636625|young_adults_male_urban.json|0a90950b625f5818bf5678c9a2e088ed|2024-03-05|22:40:30|1709696430|shopping_net|7.57|0|Goyette Inc|46.124601|-123.613313
507-52-3998|4163287083172781|William|Larson|M|868 Merritt Summit Suite 743|Hillsboro|OR|97124|45.5387|-122.9636|92886|Health and safety inspector|2004-01-23|857987636625|young_adults_male_urban.json|98a514e2c91349dd5e9e2bf01f00fa69|2024-04-20|21:21:21|1713662481|food_dining|7.68|0|Koss, McLaughlin and Mayer|45.799217|-123.756471
